 0.00000000e+00 0.00000000e+00 0.00000000e+00 0.00000000e+00 0.00000000e+00 0.00000000e+00 0.00000000e+00 0.00000000e+00 0.00000000e+00 0.00000000e+00 0.00000000e+00 0.00000000e+00 0.00000000e+00 0.00000000e+00 0.00000000e+00 0.00000000e+00 0.00000000e+00 0.00000000e+00 0.00000000e+00 0.00000000e+00 0.00000000e+00 0.00000000e+00 0.00000000e+00 0.00000000e+00 0.00000000e+00 0.00000000e+00 0.00000000e+00 0.00000000e+00 0.00000000e+00 0.00000000e+00 0.00000000e+00 0.00000000e+00 0.00000000e+00 0.00000000e+00 0.00000000e+00 0.00000000e+00 0.00000000e+00 0.00000000e+00 0.00000000e+00 0.00000000e+00 0.00000000e+00 0.00000000e+00 0.00000000e+00 0.00000000e+00 0.00000000e+00 0.00000000e+00 0.00000000e+00 0.00000000e+00 0.00000000e+00 0.00000000e+00 0.00000000e+00 0.00000000e+00 0.00000000e+00 0.00000000e+00 0.00000000e+00 0.00000000e+00 0.00000000e+00 0.00000000e+00 0.00000000e+00 0.00000000e+00 0.00000000e+00 0.00000000e+00 0.00000000e+00 0.00000000e+00 0.00000000e+00 0.00000000e+00 0.00000000e+00 0.00000000e+00 0.00000000e+00 0.00000000e+00 0.00000000e+00 0.00000000e+00 0.00000000e+00 0.00000000e+00 0.00000000e+00 0.00000000e+00 0.00000000e+00 0.00000000e+00 0.00000000e+00 0.00000000e+00 0.00000000e+00 0.00000000e+00 0.00000000e+00 0.00000000e+00 0.00000000e+00 0.00000000e+00 0.00000000e+00 0.00000000e+00 0.00000000e+00 0.00000000e+00 0.00000000e+00 0.00000000e+00 0.00000000e+00 0.00000000e+00 0.00000000e+00 0.00000000e+00 0.00000000e+00 0.00000000e+00 0.00000000e+00 0.00000000e+00
 0.00000000e+00 -1.60790626e-10 -3.53839148e-10 -6.16543310e-10 -9.97158130e-10 -1.56169847e-09 -2.40269205e-09 -3.65052851e-09 -5.48824570e-09 -8.17069135e-09 -1.20490826e-08 -1.76020314e-08 -2.54740875e-08 -3.65227310e-08 -5.18744987e-08 -7.29904955e-08 -1.01740910e-07 -1.40487269e-07 -1.92170050e-07 -2.60397892e-07 -3.49533091e-07 -4.64766406e-07 -6.12172525e-07 -7.98736090e-07 -1.03233710e-06 -1.32168411e-06 -1.67618394e-06 -2.10573845e-06 -2.62046123e-06 -3.23031168e-06 -3.94464898e-06 -4.77171498e-06 -5.71806222e-06 -6.78795067e-06 -7.98274346e-06 -9.30033771e-06 -1.07346703e-05 -1.22753397e-05 -1.39073826e-05 -1.56112402e-05 -1.73629390e-05 -1.91345000e-05 -2.08945786e-05 -2.26093191e-05 -2.42433957e-05 -2.57611969e-05 -2.71280979e-05 -2.83117594e-05 -2.92833829e-05 -3.00188578e-05 -3.04997365e-05 -3.07139836e-05 -3.06564592e-05 -3.03291107e-05 -2.97408628e-05 -2.89072167e-05 -2.78495808e-05 -2.65943743e-05 -2.51719539e-05 -2.36154222e-05 -2.19593813e-05 -2.02386960e-05 -1.84873223e-05 -1.67372579e-05 -1.50176516e-05 -1.33541059e-05 -1.17681862e-05 -1.02771429e-05 -8.89383749e-06 -7.62685371e-06 -6.48076811e-06 -5.45654654e-06 -4.55203166e-06 -3.76248532e-06 -3.08115202e-06 -2.49981302e-06 -2.00930626e-06 -1.59999270e-06 -1.26215645e-06 -9.86331497e-07 -7.63553609e-07 -5.85540266e-07 -4.44804942e-07 -3.34714415e-07 -2.49499061e-07 -1.84226482e-07 -1.34748436e-07 -9.76301564e-08 -7.00698380e-08 -4.98146498e-08 -3.50781344e-08 -2.44624546e-08 -1.68877017e-08 -1.15294322e-08 -7.76476827e-09 -5.12676964e-09 -3.26634247e-09 -1.92066088e-09 -8.86901485e-10 0.00000000e+00
 0.00000000e+00 -3.36604845e-10 -7.40713693e-10 -1.29058254e-09 -2.08717929e-09 -3.26862236e-09 -5.02848940e-09 -7.63955619e-09 -1.14847251e-08 -1.70971073e-08 -2.52113994e-08 -3.68287926e-08 -5.32976192e-08 -7.64116992e-08 -1.08527828e-07 -1.52702957e-07 -2.12850291e-07 -2.93911706e-07 -4.02041532e-07 -5.44793914e-07 -7.31302689e-07 -9.72439256e-07 -1.28093041e-06 -1.67141507e-06 -2.16041656e-06 -2.76620612e-06 -3.50853424e-06 -4.40820945e-06 -5.48651000e-06 -6.76442234e-06 -8.26171144e-06 -9.99584131e-06 -1.19807791e-05 -1.42257312e-05 -1.67338746e-05 -1.95011579e-05 -2.25152555e-05 -2.57547604e-05 -2.91886973e-05 -3.27764288e-05 -3.64680077e-05 -4.02050085e-05 -4.39218388e-05 -4.75475051e-05 -5.10077731e-05 -5.42276347e-05 -5.71339685e-05 -5.96582647e-05 -6.17392721e-05 -6.33254276e-05 -6.43769365e-05 -6.48673895e-05 -6.47848279e-05 -6.41322003e-05 -6.29271899e-05 -6.12014240e-05 -5.89991167e-05 -5.63752232e-05 -5.33932100e-05 -5.01225633e-05 -4.66361686e-05 -4.30076933e-05 -3.93090991e-05 -3.56083953e-05 -3.19677242e-05 -2.84418451e-05 -2.50770550e-05 -2.19105586e-05 -1.89702730e-05 -1.62750299e-05 -1.38351203e-05 -1.16531148e-05 -9.72488261e-06 -8.04073529e-06 -6.58662025e-06 -5.34530027e-06 -4.29746393e-06 -3.42272529e-06 -2.70048405e-06 -2.11063061e-06 -1.63409167e-06 -1.25322196e-06 -9.52055294e-07 -7.16432889e-07 -5.34030372e-07 -3.94305367e-07 -2.88387103e-07 -2.08927535e-07 -1.49930774e-07 -1.06574519e-07 -7.50340595e-08 -5.23163205e-08 -3.61088233e-08 -2.46461058e-08 -1.65943868e-08 -1.09538856e-08 -6.97725199e-09 -4.10192960e-09 -1.89389308e-09 0.00000000e+00
 0.00000000e+00 -5.43269857e-10 -1.19542247e-09 -2.08267346e-09 -3.36785076e-09 -5.27366832e-09 -8.11223698e-09 -1.23233271e-08 -1.85242205e-08 -2.75743198e-08 -4.06579723e-08 -5.93891243e-08 -8.59413777e-08 -1.23206635e-07 -1.74984694e-07 -2.46204732e-07 -3.43177505e-07 -4.73874156e-07 -6.48223785e-07 -8.78417335e-07 -1.17920017e-06 -1.56813004e-06 -2.06577162e-06 -2.69579369e-06 -3.48493155e-06 -4.46277536e-06 -5.66134645e-06 -7.11442873e-06 -8.85663086e-06 -1.09221688e-05 -1.33433758e-05 -1.61489677e-05 -1.93621170e-05 -2.29984108e-05 -2.70637939e-05 -3.15526159e-05 -3.64459145e-05 -4.17100744e-05 -4.72959925e-05 -5.31388683e-05 -5.91587089e-05 -6.52616012e-05 -7.13417634e-05 -7.72843332e-05 -8.29688056e-05 -8.82729822e-05 -9.30772559e-05 -9.72690234e-05 -1.00747002e-04 -1.03425220e-04 -1.05236478e-04 -1.06135072e-04 -1.06098651e-04 -1.05129096e-04 -1.03252384e-04 -1.00517441e-04 -9.69940574e-05 -9.27699962e-05 -8.79474362e-05 -8.26389624e-05 -7.69633081e-05 -7.10410666e-05 -6.49905814e-05 -5.89242030e-05 -5.29450656e-05 -4.71445017e-05 -4.16001660e-05 -3.63748954e-05 -3.15162896e-05 -2.70569564e-05 -2.30153366e-05 -1.93969982e-05 -1.61962789e-05 -1.33981489e-05 -1.09801742e-05 -8.91446820e-06 -7.16954027e-06 -5.71196835e-06 -4.50784545e-06 -3.52397127e-06 -2.72877986e-06 -2.09301092e-06 -1.59014523e-06 -1.19663377e-06 -8.91955383e-07 -6.58539655e-07 -4.81590728e-07 -3.48844848e-07 -2.50289960e-07 -1.77870579e-07 -1.25195829e-07 -8.72635113e-08 -6.02084779e-08 -4.10798281e-08 -2.76483387e-08 -1.82432617e-08 -1.16159752e-08 -6.82688971e-09 -3.15135996e-09 0.00000000e+00
 0.00000000e+00 -7.98214805e-10 -1.75627917e-09 -3.05946967e-09 -4.94677095e-09 -7.74501378e-09 -1.19121589e-08 -1.80934162e-08 -2.71943619e-08 -4.04757092e-08 -5.96748075e-08 -8.71591995e-08 -1.26117498e-07 -1.80792308e-07 -2.56758723e-07 -3.61249871e-07 -5.03527926e-07 -6.95294732e-07 -9.51130749e-07 -1.28894434e-06 -1.73040582e-06 -2.30133245e-06 -3.03198236e-06 -3.95720801e-06 -5.11641428e-06 -6.55326371e-06 -8.31507294e-06 -1.04518514e-05 -1.30149455e-05 -1.60552722e-05 -1.96211494e-05 -2.37557626e-05 -2.84943428e-05 -3.38611633e-05 -3.98665009e-05 -4.65037328e-05 -5.37467629e-05 -6.15479785e-05 -6.98369333e-05 -7.85199302e-05 -8.74806413e-05 -9.65818501e-05 -1.05668337e-04 -1.14570861e-04 -1.23111115e-04 -1.31107465e-04 -1.38381222e-04 -1.44763154e-04 -1.50099899e-04 -1.54259971e-04 -1.57139014e-04 -1.58664036e-04 -1.58796391e-04 -1.57533338e-04 -1.54908111e-04 -1.50988480e-04 -1.45873910e-04 -1.39691456e-04 -1.32590646e-04 -1.24737610e-04 -1.16308778e-04 -1.07484464e-04 -9.84426534e-05 -8.93532840e-05 -8.03732578e-05 -7.16423801e-05 -6.32803445e-05 -5.53848215e-05 -4.80306394e-05 -4.12699855e-05 -3.51335087e-05 -2.96321621e-05 -2.47596048e-05 -2.04949711e-05 -1.68058199e-05 -1.36510936e-05 -1.09839407e-05 -8.75428664e-06 -6.91107026e-06 -5.40409871e-06 -4.18550153e-06 -3.21079279e-06 -2.43957019e-06 -1.83589484e-06 -1.36840392e-06 -1.01021242e-06 -7.38658680e-07 -5.34944352e-07 -3.83712903e-07 -2.72602790e-07 -1.91803434e-07 -1.33634207e-07 -9.21596575e-08 -6.28482272e-08 -4.22769202e-08 -2.78807964e-08 -1.77435569e-08 -1.04237841e-08 -4.81035789e-09 0.00000000e+00
 0.00000000e+00 -1.12125580e-09 -2.46683375e-09 -4.29670615e-09 -6.94614468e-09 -1.08735767e-08 -1.67212581e-08 -2.53939354e-08 -3.81613356e-08 -5.67910170e-08 -8.37187144e-08 -1.22263676e-07 -1.76896414e-07 -2.53565579e-07 -3.60088997e-07 -5.06611121e-07 -7.06124861e-07 -9.75049910e-07 -1.33385205e-06 -1.80767871e-06 -2.42697536e-06 -3.22803584e-06 -4.25342838e-06 -5.55222828e-06 -7.17998072e-06 -9.19831303e-06 -1.16741177e-05 -1.46782361e-05 -1.82835910e-05 -2.25627411e-05 -2.75848662e-05 -3.34122352e-05 -4.00962549e-05 -4.76732485e-05 -5.61601615e-05 -6.55504318e-05 -7.58102914e-05 -8.68757819e-05 -9.86507568e-05 -1.11006121e-04 -1.23780505e-04 -1.36782500e-04 -1.49794505e-04 -1.62578129e-04 -1.74880988e-04 -1.86444656e-04 -1.97013438e-04 -2.06343537e-04 -2.14212195e-04 -2.20426322e-04 -2.24830171e-04 -2.27311643e-04 -2.27806885e-04 -2.26302930e-04 -2.22838224e-04 -2.17501029e-04 -2.10425780e-04 -2.01787605e-04 -1.91795299e-04 -1.80683137e-04 -1.68701963e-04 -1.56109999e-04 -1.43163849e-04 -1.30110103e-04 -1.17177926e-04 -1.04572924e-04 -9.24724776e-05 -8.10226604e-05 -7.03367462e-05 -6.04952200e-05 -5.15471345e-05 -4.35125908e-05 -3.63860852e-05 -3.01404425e-05 -2.47310628e-05 -2.01002243e-05 -1.61812228e-05 -1.29021695e-05 -1.01893191e-05 -7.96984888e-06 -6.17405461e-06 -4.73697136e-06 -3.59945645e-06 -2.70879668e-06 -2.01891528e-06 -1.49026039e-06 -1.08945610e-06 -7.88791344e-07 -5.65612513e-07 -4.01674140e-07 -2.82490229e-07 -1.96716922e-07 -1.35586819e-07 -9.24062666e-08 -6.21197380e-08 -4.09399564e-08 -2.60384867e-08 -1.52889045e-08 -7.05305120e-09 0.00000000e+00
 0.00000000e+00 -1.53535429e-09 -3.37753404e-09 -5.88207600e-09 -9.50739991e-09 -1.48801865e-08 -2.28782575e-08 -3.47380238e-08 -5.21944838e-08 -7.76627063e-08 -1.14470569e-07 -1.67153036e-07 -2.41818182e-07 -3.46594243e-07 -4.92164744e-07 -6.92395005e-07 -9.65047576e-07 -1.33257624e-06 -1.82297792e-06 -2.47066937e-06 -3.31734092e-06 -4.41272415e-06 -5.81519436e-06 -7.59211465e-06 -9.81981705e-06 -1.25831108e-05 -1.59742093e-05 -2.00909797e-05 -2.50344396e-05 -3.09054643e-05 -3.78007086e-05 -4.58078106e-05 -5.50000037e-05 -6.54303348e-05 -7.71257495e-05 -9.00813631e-05 -1.04255278e-04 -1.19564328e-04 -1.35881130e-04 -1.53032783e-04 -1.70801495e-04 -1.88927339e-04 -2.07113198e-04 -2.25031870e-04 -2.42335132e-04 -2.58664450e-04 -2.73662905e-04 -2.86987783e-04 -2.98323248e-04 -3.07392447e-04 -3.13968436e-04 -3.17883343e-04 -3.19035268e-04 -3.17392557e-04 -3.12995197e-04 -3.05953260e-04 -2.96442469e-04 -2.84697126e-04 -2.71000779e-04 -2.55675133e-04 -2.39067774e-04 -2.21539353e-04 -2.03450868e-04 -1.85151652e-04 -1.66968621e-04 -1.49197214e-04 -1.32094353e-04 -1.15873618e-04 -1.00702659e-04 -8.67027846e-05 -7.39505105e-05 -6.24807713e-05 -5.22914455e-05 -4.33487947e-05 -3.55934241e-05 -2.89463908e-05 -2.33151335e-05 -1.85989576e-05 -1.46938767e-05 -1.14966864e-05 -8.90821039e-06 -6.83572022e-06 -5.19457751e-06 -3.90918257e-06 -2.91333574e-06 -2.15012828e-06 -1.57147983e-06 -1.13743188e-06 -8.15293556e-07 -5.78720011e-07 -4.06786109e-07 -2.83101351e-07 -1.94996507e-07 -1.32799277e-07 -8.92056804e-08 -5.87457492e-08 -3.73362476e-08 -2.19092533e-08 -1.01029932e-08 0.00000000e+00
 0.00000000e+00 -2.06732785e-09 -4.54728119e-09 -7.91791841e-09 -1.27954926e-08 -2.00222552e-08 -3.07777538e-08 -4.67231137e-08 -7.01890288e-08 -1.04419476e-07 -1.53884307e-07 -2.24674585e-07 -3.24994479e-07 -4.65762317e-07 -6.61330517e-07 -9.30329129e-07 -1.29663017e-06 -1.79041943e-06 -2.44934869e-06 -3.31972482e-06 -4.45767269e-06 -5.93018811e-06 -7.81597582e-06 -1.02059480e-05 -1.32032440e-05 -1.69226229e-05 -2.14890837e-05 -2.70355808e-05 -3.36997323e-05 -4.16194639e-05 -5.09275921e-05 -6.17454248e-05 -7.41755430e-05 -8.82940179e-05 -1.04142403e-04 -1.21719925e-04 -1.40976341e-04 -1.61805983e-04 -1.84043486e-04 -2.07461683e-04 -2.31772031e-04 -2.56627885e-04 -2.81630705e-04 -3.06339199e-04 -3.30281163e-04 -3.52967637e-04 -3.73908813e-04 -3.92631017e-04 -4.08693960e-04 -4.21707425e-04 -4.31346536e-04 -4.37364820e-04 -4.39604356e-04 -4.38002456e-04 -4.32594500e-04 -4.23512761e-04 -4.10981246e-04 -3.95306838e-04 -3.76867179e-04 -3.56095945e-04 -3.33466277e-04 -3.09473229e-04 -2.84616115e-04 -2.59381621e-04 -2.34228471e-04 -2.09574298e-04 -1.85785225e-04 -1.63168465e-04 -1.41968052e-04 -1.22363635e-04 -1.04472078e-04 -8.83515020e-05 -7.40072546e-05 -6.13992918e-05 -5.04503931e-05 -4.10546860e-05 -3.30860019e-05 -2.64056701e-05 -2.08694513e-05 -1.63334164e-05 -1.26586702e-05 -9.71490807e-06 -7.38286614e-06 -5.55577527e-06 -4.13996707e-06 -3.05479530e-06 -2.23203901e-06 -1.61494410e-06 -1.15704229e-06 -8.20863641e-07 -5.76634372e-07 -4.01027207e-07 -2.76009489e-07 -1.87815124e-07 -1.26050995e-07 -8.29365865e-08 -5.26670134e-08 -3.08838695e-08 -1.42347131e-08 0.00000000e+00
 0.00000000e+00 -2.74848300e-09 -6.04481207e-09 -1.05236010e-08 -1.70027091e-08 -2.65996480e-08 -4.08791199e-08 -6.20442653e-08 -9.31858475e-08 -1.38605320e-07 -2.04229257e-07 -2.98133602e-07 -4.31196192e-07 -6.17894446e-07 -8.77261411e-07 -1.23400691e-06 -1.71980059e-06 -2.37470006e-06 -3.24868929e-06 -4.40327056e-06 -5.91302800e-06 -7.86705302e-06 -1.03700939e-05 -1.35432658e-05 -1.75241373e-05 -2.24659975e-05 -2.85361088e-05 -3.59127692e-05 -4.47810434e-05 -5.53270806e-05 -6.77310149e-05 -8.21585432e-05 -9.87513835e-05 -1.17616938e-04 -1.38817598e-04 -1.62360238e-04 -1.88186514e-04 -2.16164644e-04 -2.46083339e-04 -2.77648514e-04 -3.10483312e-04 -3.44131844e-04 -3.78066832e-04 -4.11701171e-04 -4.44403153e-04 -4.75514891e-04 -5.04373244e-04 -5.30332373e-04 -5.52786898e-04 -5.71194561e-04 -5.85097252e-04 -5.94139331e-04 -5.98082262e-04 -5.96814758e-04 -5.90357879e-04 -5.78864736e-04 -5.62614808e-04 -5.42003113e-04 -5.17524790e-04 -4.89755888e-04 -4.59331346e-04 -4.26921317e-04 -3.93207036e-04 -3.58857421e-04 -3.24507534e-04 -2.90739850e-04 -2.58069092e-04 -2.26931123e-04 -1.97676142e-04 -1.70566126e-04 -1.45776257e-04 -1.23399822e-04 -1.03455962e-04 -8.58995106e-05 -7.06321577e-05 -5.75141782e-05 -4.63760479e-05 -3.70293720e-05 -2.92766858e-05 -2.29198267e-05 -1.77667189e-05 -1.36365326e-05 -1.03632861e-05 -7.79803931e-06 -5.80987543e-06 -4.28590029e-06 -3.13049106e-06 -2.26401614e-06 -1.62122423e-06 -1.14946876e-06 -8.06899970e-07 -5.60722050e-07 -3.85581591e-07 -2.62126015e-07 -1.75748552e-07 -1.15519133e-07 -7.32881715e-08 -4.29417686e-08 -1.97816328e-08 0.00000000e+00
 0.00000000e+00 -3.61512939e-09 -7.94981868e-09 -1.38374397e-08 -2.23517120e-08 -3.49593554e-08 -5.37135407e-08 -8.15046333e-08 -1.22386888e-07 -1.82002035e-07 -2.68122718e-07 -3.91340103e-07 -5.65920000e-07 -8.10849923e-07 -1.15109479e-06 -1.61907062e-06 -2.25633295e-06 -3.11545879e-06 -4.26207778e-06 -5.77698001e-06 -7.75819455e-06 -1.03228969e-05 -1.36089669e-05 -1.77759840e-05 -2.30054199e-05 -2.94997721e-05 -3.74803818e-05 -4.71837017e-05 -5.88558241e-05 -7.27451545e-05 -8.90932138e-05 -1.08123679e-04 -1.30029917e-04 -1.54961408e-04 -1.83009633e-04 -2.14194104e-04 -2.48449349e-04 -2.85613716e-04 -3.25420887e-04 -3.67494929e-04 -4.11349600e-04 -4.56392467e-04 -5.01934140e-04 -5.47202676e-04 -5.91362887e-04 -6.33540007e-04 -6.72846864e-04 -7.08413461e-04 -7.39417664e-04 -7.65115576e-04 -7.84870102e-04 -7.98176263e-04 -8.04681930e-04 -8.04202848e-04 -7.96731086e-04 -7.82436413e-04 -7.61660418e-04 -7.34903630e-04 -7.02806255e-04 -6.66123493e-04 -6.25696702e-04 -5.82421907e-04 -5.37217239e-04 -4.90990968e-04 -4.44611659e-04 -3.98881834e-04 -3.54516240e-04 -3.12125506e-04 -2.72205600e-04 -2.35133127e-04 -2.01166163e-04 -1.70450016e-04 -1.43027072e-04 -1.18849725e-04 -9.77953422e-05 -7.96821941e-05 -6.42854072e-05 -5.13521030e-05 -4.06150837e-05 -3.18046163e-05 -2.46580582e-05 -1.89272479e-05 -1.43837335e-05 -1.08220277e-05 -8.06115527e-06 -5.94480529e-06 -4.34040917e-06 -3.13745515e-06 -2.24531722e-06 -1.59083434e-06 -1.11582788e-06 -7.74697494e-07 -5.32190787e-07 -3.61403670e-07 -2.42036697e-07 -1.58908072e-07 -1.00706290e-07 -5.89532143e-08 -2.71407624e-08 0.00000000e+00
 0.00000000e+00 -4.70892390e-09 -1.03536919e-08 -1.80179596e-08 -2.90975129e-08 -4.54984705e-08 -6.98884222e-08 -1.06021911e-07 -1.59164494e-07 -2.36642586e-07 -3.48548969e-07 -5.08635652e-07 -7.35425888e-07 -1.05357480e-06 -1.49550206e-06 -2.10330964e-06 -2.93098106e-06 -4.04683630e-06 -5.53618639e-06 -7.50409536e-06 -1.00781145e-05 -1.34108078e-05 -1.76818381e-05 -2.30993421e-05 -2.99002816e-05 -3.83494400e-05 -4.87367300e-05 -6.13725037e-05 -7.65806132e-05 -9.46890622e-05 -1.16018214e-04 -1.40866679e-04 -1.69495195e-04 -2.02108996e-04 -2.38839375e-04 -2.79725324e-04 -3.24696267e-04 -3.73557013e-04 -4.25976064e-04 -4.81478379e-04 -5.39443543e-04 -5.99110096e-04 -6.59586488e-04 -7.19868766e-04 -7.78864763e-04 -8.35424125e-04 -8.88373179e-04 -9.36553268e-04 -9.78860927e-04 -1.01428809e-03 -1.04196040e-03 -1.06117168e-03 -1.07141282e-03 -1.07239353e-03 -1.06405562e-03 -1.04657714e-03 -1.02036690e-03 -9.86049548e-04 -9.44441987e-04 -8.96522109e-04 -8.43391566e-04 -7.86234423e-04 -7.26273817e-04 -6.64728829e-04 -6.02773694e-04 -5.41501270e-04 -4.81892376e-04 -4.24792158e-04 -3.70894183e-04 -3.20732449e-04 -2.74680993e-04 -2.32960373e-04 -1.95649942e-04 -1.62704600e-04 -1.33974583e-04 -1.09226847e-04 -8.81667142e-05 -7.04586023e-05 -5.57449196e-05 -4.36624587e-05 -3.38558963e-05 -2.59882539e-05 -1.97483902e-05 -1.48557607e-05 -1.10627970e-05 -8.15532658e-06 -5.95147378e-06 -4.29947010e-06 -3.07476152e-06 -2.17674321e-06 -1.52538641e-06 -1.05795610e-06 -7.25955973e-07 -4.92383124e-07 -3.29330263e-07 -2.15938779e-07 -1.36680588e-07 -7.99295124e-08 -3.67719098e-08 0.00000000e+00
 0.00000000e+00 -6.07698404e-09 -1.33597561e-08 -2.32442656e-08 -3.75279979e-08 -5.86648907e-08 -9.00882803e-08 -1.36629402e-07 -2.05062611e-07 -3.04812340e-07 -4.48860300e-07 -6.54893796e-07 -9.46736326e-07 -1.35609874e-06 -1.92468175e-06 -2.70664731e-06 -3.77145572e-06 -5.20703676e-06 -7.12322488e-06 -9.65534253e-06 -1.29677609e-05 -1.72572078e-05 -2.27555316e-05 -2.97315714e-05 -3.84917365e-05 -4.93788701e-05 -6.27689646e-05 -7.90653285e-05 -9.86898740e-05 -1.22071306e-04 -1.49630151e-04 -1.81760774e-04 -2.18810733e-04 -2.61058114e-04 -3.08687705e-04 -3.61767115e-04 -4.20224126e-04 -4.83826710e-04 -5.52167171e-04 -6.24651811e-04 -7.00497414e-04 -7.78735515e-04 -8.58225143e-04 -9.37674268e-04 -1.01566972e-03 -1.09071484e-03 -1.16127374e-03 -1.22582037e-03 -1.28289053e-03 -1.33113445e-03 -1.36936750e-03 -1.39661650e-03 -1.41215938e-03 -1.41555590e-03 -1.40666785e-03 -1.38566731e-03 -1.35303257e-03 -1.30953142e-03 -1.25619272e-03 -1.19426752e-03 -1.12518154e-03 -1.05048170e-03 -9.71779041e-04 -8.90691398e-04 -8.08788298e-04 -7.27541016e-04 -6.48279921e-04 -5.72160886e-04 -5.00141839e-04 -4.32969889e-04 -3.71178759e-04 -3.15095679e-04 -2.64856369e-04 -2.20426412e-04 -1.81627100e-04 -1.48163788e-04 -1.19654925e-04 -9.56601210e-05 -7.57059356e-05 -5.93084301e-05 -4.59918842e-05 -3.53034296e-05 -2.68236523e-05 -2.01734537e-05 -1.50176299e-05 -1.10657282e-05 -8.07078049e-06 -5.82649670e-06 -4.16345368e-06 -2.94473644e-06 -2.06140149e-06 -1.42804066e-06 -9.78638372e-07 -6.62840313e-07 -4.42689353e-07 -2.89836218e-07 -1.83196940e-07 -1.07004718e-07 -4.91883038e-08 0.00000000e+00
 0.00000000e+00 -7.77170264e-09 -1.70828456e-08 -2.97152649e-08 -4.79625938e-08 -7.49550988e-08 -1.15071129e-07 -1.74470237e-07 -2.61787671e-07 -3.89034899e-07 -5.72755282e-07 -8.35487157e-07 -1.20758707e-06 -1.72946239e-06 -2.45425335e-06 -3.45098782e-06 -4.80820646e-06 -6.63801981e-06 -9.08051082e-06 -1.23083384e-05 -1.65313281e-05 -2.20007608e-05 -2.90129927e-05 -3.79119643e-05 -4.90900980e-05 -6.29870400e-05 -8.00856973e-05 -1.00905056e-04 -1.25989346e-04 -1.55893263e-04 -1.91163149e-04 -2.32314282e-04 -2.79804718e-04 -3.34006432e-04 -3.95174841e-04 -4.63418067e-04 -5.38667569e-04 -6.20651919e-04 -7.08875584e-04 -8.02604525e-04 -9.00860241e-04 -1.00242361e-03 -1.10584940e-03 -1.20949195e-03 -1.31154169e-03 -1.41007190e-03 -1.50309413e-03 -1.58862041e-03 -1.66472977e-03 -1.72963615e-03 -1.78175474e-03 -1.81976337e-03 -1.84265603e-03 -1.84978557e-03 -1.84089324e-03 -1.81612320e-03 -1.77602101e-03 -1.72151574e-03 -1.65388645e-03 -1.57471446e-03 -1.48582369e-03 -1.38921219e-03 -1.28697818e-03 -1.18124460e-03 -1.07408575e-03 -9.67459926e-04 -8.63150878e-04 -7.62720862e-04 -6.67476787e-04 -5.78450296e-04 -4.96391653e-04 -4.21776461e-04 -3.54823545e-04 -2.95521809e-04 -2.43663542e-04 -1.98881573e-04 -1.60687754e-04 -1.28510532e-04 -1.01729750e-04 -7.97073305e-05 -6.18129247e-05 -4.74441499e-05 -3.60414082e-05 -2.70976414e-05 -2.01636075e-05 -1.48494185e-05 -1.08231407e-05 -7.80724648e-06 -5.57364823e-06 -3.93793954e-06 -2.75335503e-06 -1.90483429e-06 -1.30346004e-06 -8.81437157e-07 -5.87693684e-07 -3.84118149e-07 -2.42398078e-07 -1.41390637e-07 -6.49345938e-08 0.00000000e+00
 0.00000000e+00 -9.85019315e-09 -2.16480689e-08 -3.76474735e-08 -6.07486448e-08 -9.49083637e-08 -1.45659364e-07 -2.20783230e-07 -3.31186907e-07 -4.92039204e-07 -7.24229413e-07 -1.05621416e-06 -1.52631948e-06 -2.18556073e-06 -3.10103188e-06 -4.35989485e-06 -6.07396791e-06 -8.38486674e-06 -1.14695927e-05 -1.55463893e-05 -2.08806020e-05 -2.77901816e-05 -3.66503722e-05 -4.78970334e-05 -6.20279650e-05 -7.96015524e-05 -1.01232038e-04 -1.27580761e-04 -1.59342812e-04 -1.97228720e-04 -2.41941009e-04 -2.94145813e-04 -3.54440030e-04 -4.23314959e-04 -5.01117703e-04 -5.88012026e-04 -6.83940680e-04 -7.88591400e-04 -9.01368914e-04 -1.02137526e-03 -1.14740047e-03 -1.27792544e-03 -1.41113814e-03 -1.54496384e-03 -1.67710932e-03 -1.80512010e-03 -1.92644925e-03 -2.03853522e-03 -2.13888604e-03 -2.22516599e-03 -2.29528124e-03 -2.34746025e-03 -2.38032489e-03 -2.39294872e-03 -2.38489901e-03 -2.35626008e-03 -2.30763622e-03 -2.24013354e-03 -2.15532130e-03 -2.05517426e-03 -1.94199881e-03 -1.81834651e-03 -1.68691935e-03 -1.55047183e-03 -1.41171457e-03 -1.27322446e-03 -1.13736570e-03 -1.00622502e-03 -8.81563801e-04 -7.64788264e-04 -6.56937860e-04 -5.58690886e-04 -4.70385272e-04 -3.92051784e-04 -3.23456398e-04 -2.64148377e-04 -2.13510703e-04 -1.70809795e-04 -1.35241963e-04 -1.05974663e-04 -8.21812743e-05 -6.30687469e-05 -4.78980721e-05 -3.59979607e-05 -2.67724820e-05 -1.97036229e-05 -1.43498264e-05 -1.03415699e-05 -7.37496293e-06 -5.20421737e-06 -3.63368523e-06 -2.50999457e-06 -1.71465644e-06 -1.15737572e-06 -7.70182025e-07 -5.02405192e-07 -3.16452085e-07 -1.84294409e-07 -8.45472214e-08 0.00000000e+00
 0.00000000e+00 -1.23732973e-08 -2.71886109e-08 -4.72711522e-08 -7.62550948e-08 -1.19096731e-07 -1.82724180e-07 -2.76878945e-07 -4.15211984e-07 -6.16704851e-07 -9.07493687e-07 -1.32317898e-06 -1.91170521e-06 -2.73688951e-06 -3.88266458e-06 -5.45807613e-06 -7.60303540e-06 -1.04947720e-05 -1.43548589e-05 -1.94565904e-05 -2.61323875e-05 -3.47807865e-05 -4.58724445e-05 -5.99544782e-05 -7.76523521e-05 -9.96684656e-05 -1.26776569e-04 -1.59811184e-04 -1.99651318e-04 -2.47197972e-04 -3.03345236e-04 -3.68945123e-04 -4.44766750e-04 -5.31450951e-04 -6.29461896e-04 -7.39037772e-04 -8.60142966e-04 -9.92424501e-04 -1.13517561e-03 -1.28730930e-03 -1.44734460e-03 -1.61340767e-03 -1.78324951e-03 -1.95428110e-03 -2.12362618e-03 -2.28819065e-03 -2.44474687e-03 -2.59003022e-03 -2.72084414e-03 -2.83416973e-03 -2.92727484e-03 -2.99781794e-03 -3.04394134e-03 -3.06434935e-03 -3.05836663e-03 -3.02597365e-03 -2.96781639e-03 -2.88518944e-03 -2.77999246e-03 -2.65466169e-03 -2.51207979e-03 -2.35546803e-03 -2.18826670e-03 -2.01400941e-03 -1.83619820e-03 -1.65818539e-03 -1.48306832e-03 -1.31360153e-03 -1.15213015e-03 -1.00054653e-03 -8.60270495e-04 -7.32252460e-04 -6.16996831e-04 -5.14602377e-04 -4.24815393e-04 -3.47091172e-04 -2.80659303e-04 -2.24588724e-04 -1.77849022e-04 -1.39365297e-04 -1.08064762e-04 -8.29141032e-05 -6.29474009e-05 -4.72850630e-05 -3.51446943e-05 -2.58451396e-05 -1.88050863e-05 -1.35376310e-05 -9.64211647e-06 -6.79438599e-06 -4.73639190e-06 -3.26588062e-06 -2.22666292e-06 -1.49979130e-06 -9.95808268e-07 -6.48105028e-07 -4.07337934e-07 -2.36785969e-07 -1.08491239e-07 0.00000000e+00
 0.00000000e+00 -1.54040964e-08 -3.38424466e-08 -5.88245528e-08 -9.48631293e-08 -1.48110279e-07 -2.27162760e-07 -3.44104824e-07 -5.15866269e-07 -7.65983135e-07 -1.12685753e-06 -1.64261954e-06 -2.37269597e-06 -3.39618454e-06 -4.81711586e-06 -6.77065455e-06 -9.43024306e-06 -1.30156235e-05 -1.78015837e-05 -2.41271607e-05 -3.24049057e-05 -4.31296677e-05 -5.68862010e-05 -7.43547583e-05 -9.63137037e-05 -1.23638097e-04 -1.57293167e-04 -1.98321656e-04 -2.47824124e-04 -3.06931596e-04 -3.76770237e-04 -4.58418214e-04 -5.52855452e-04 -6.60907543e-04 -7.83185718e-04 -9.20025339e-04 -1.07142588e-03 -1.23699577e-03 -1.41590557e-03 -1.60685317e-03 -1.80804416e-03 -2.01719030e-03 -2.23152833e-03 -2.44786029e-03 -2.66261576e-03 -2.87193507e-03 -3.07177157e-03 -3.25800983e-03 -3.42659556e-03 -3.57367227e-03 -3.69571875e-03 -3.78968138e-03 -3.85309478e-03 -3.88418464e-03 -3.88194727e-03 -3.84620095e-03 -3.77760571e-03 -3.67764960e-03 -3.54860101e-03 -3.39342883e-03 -3.21569384e-03 -3.01941631e-03 -2.80892664e-03 -2.58870653e-03 -2.36322890e-03 -2.13680482e-03 -1.91344501e-03 -1.69674263e-03 -1.48978216e-03 -1.29507776e-03 -1.11454203e-03 -9.49484499e-04 -8.00637001e-04 -6.68201880e-04 -5.51917772e-04 -4.51137189e-04 -3.64910099e-04 -2.92068049e-04 -2.31304143e-04 -1.81245188e-04 -1.40513431e-04 -1.07776453e-04 -8.17848064e-05 -6.13978796e-05 -4.55991131e-05 -3.35021402e-05 -2.43496507e-05 -1.75068106e-05 -1.24509685e-05 -8.75916757e-06 -6.09472009e-06 -4.19381095e-06 -2.85282043e-06 -1.91680427e-06 -1.26935905e-06 -8.23933685e-07 -5.16524048e-07 -2.99601095e-07 -1.37066920e-07 0.00000000e+00
 0.00000000e+00 -1.90058859e-08 -4.17478781e-08 -7.25461281e-08 -1.16953551e-07 -1.82537304e-07 -2.79867709e-07 -4.23798647e-07 -6.35134700e-07 -9.42792392e-07 -1.38657404e-06 -2.02068091e-06 -2.91809456e-06 -4.17594861e-06 -5.92199298e-06 -8.32221594e-06 -1.15896311e-05 -1.59941545e-05 -2.18733867e-05 -2.96439816e-05 -3.98131211e-05 -5.29894397e-05 -6.98925553e-05 -9.13601865e-05 -1.18351679e-04 -1.51946656e-04 -1.93337478e-04 -2.43814225e-04 -3.04741116e-04 -3.77523534e-04 -4.63565264e-04 -5.64216086e-04 -6.80710510e-04 -8.14099154e-04 -9.65175002e-04 -1.13439750e-03 -1.32181804e-03 -1.52701091e-03 -1.74901396e-03 -1.98628339e-03 -2.23666675e-03 -2.49739762e-03 -2.76511495e-03 -3.03590867e-03 -3.30539225e-03 -3.56880138e-03 -3.82111668e-03 -4.05720687e-03 -4.27198758e-03 -4.46058978e-03 -4.61853099e-03 -4.74188168e-03 -4.82741909e-03 -4.87276061e-03 -4.87646977e-03 -4.83812834e-03 -4.75837003e-03 -4.63887254e-03 -4.48230720e-03 -4.29224744e-03 -4.07303994e-03 -3.82964424e-03 -3.56744873e-03 -3.29207241e-03 -3.00916263e-03 -2.72419917e-03 -2.44231479e-03 -2.16814084e-03 -1.90568486e-03 -1.65824480e-03 -1.42836187e-03 -1.21781157e-03 -1.02762984e-03 -8.58169541e-04 -7.09180605e-04 -5.79906769e-04 -4.69191238e-04 -3.75584220e-04 -2.97446085e-04 -2.33041158e-04 -1.80618586e-04 -1.38478201e-04 -1.05020655e-04 -7.87822932e-05 -5.84561286e-05 -4.29008776e-05 -3.11403701e-05 -2.23557022e-05 -1.58723932e-05 -1.11445468e-05 -7.73767555e-06 -5.31147635e-06 -3.60347671e-06 -2.41414471e-06 -1.59377394e-06 -1.03123432e-06 -6.44514373e-07 -3.72864885e-07 -1.70279116e-07 0.00000000e+00
 0.00000000e+00 -2.32395991e-08 -5.10378680e-08 -8.86646646e-08 -1.42890832e-07 -2.22939359e-07 -3.41688683e-07 -5.17230252e-07 -7.74896195e-07 -1.14988761e-06 -1.69064774e-06 -2.46313422e-06 -3.55614787e-06 -5.08786727e-06 -7.21371505e-06 -1.01356374e-05 -1.41128087e-05 -1.94736753e-05 -2.66291190e-05 -3.60863600e-05 -4.84630260e-05 -6.45005965e-05 -8.50762124e-05 -1.11211616e-04 -1.44077806e-04 -1.84993845e-04 -2.35418224e-04 -2.96931225e-04 -3.71206920e-04 -4.59973797e-04 -5.64963473e-04 -6.87847622e-04 -8.30164002e-04 -9.93233315e-04 -1.17806954e-03 -1.38528723e-03 -1.61500999e-03 -1.86678506e-03 -2.13950903e-03 -2.43137011e-03 -2.73981187e-03 -3.06152288e-03 -3.39245575e-03 -3.72787811e-03 -4.06245614e-03 -4.39037043e-03 -4.70546157e-03 -5.00140175e-03 -5.27188662e-03 -5.51084066e-03 -5.71262769e-03 -5.87225755e-03 -5.98557944e-03 -6.04945229e-03 -6.06188326e-03 -6.02212617e-03 -5.93073359e-03 -5.78955823e-03 -5.60170175e-03 -5.37141191e-03 -5.10393198e-03 -4.80530911e-03 -4.48217069e-03 -4.14148021e-03 -3.79028499e-03 -3.43546896e-03 -3.08352327e-03 -2.74034593e-03 -2.41107997e-03 -2.09999653e-03 -1.81042630e-03 -1.54473925e-03 -1.30436977e-03 -1.08988129e-03 -9.01062640e-04 -7.37046952e-04 -5.96443688e-04 -4.77474473e-04 -3.78104621e-04 -2.96163688e-04 -2.29450190e-04 -1.75817537e-04 -1.33240022e-04 -9.98592456e-05 -7.40125848e-05 -5.42461479e-05 -3.93151206e-05 -2.81745540e-05 -1.99635122e-05 -1.39851832e-05 -9.68512407e-06 -6.62933171e-06 -4.48335923e-06 -2.99326391e-06 -1.96880963e-06 -1.26905449e-06 -7.90236859e-07 -4.55720811e-07 -2.07662487e-07 0.00000000e+00
 0.00000000e+00 -2.81607026e-08 -6.18332192e-08 -1.07387429e-07 -1.73004000e-07 -2.69821422e-07 -4.13386638e-07 -6.25532252e-07 -9.36819784e-07 -1.38970621e-06 -2.04260755e-06 -2.97504571e-06 -4.29406839e-06 -6.14212328e-06 -8.70653942e-06 -1.22307166e-05 -1.70270413e-05 -2.34914287e-05 -3.21192365e-05 -4.35220981e-05 -5.84449956e-05 -7.77826338e-05 -1.02593908e-04 -1.34112994e-04 -1.73755367e-04 -2.23116875e-04 -2.83963942e-04 -3.58213033e-04 -4.47897707e-04 -5.55122024e-04 -6.81999604e-04 -8.30578435e-04 -1.00275241e-03 -1.20016158e-03 -1.42408423e-03 -1.67532482e-03 -1.95410283e-03 -2.25994822e-03 -2.59160967e-03 -2.94698197e-03 -3.32305847e-03 -3.71591412e-03 -4.12072341e-03 -4.53181637e-03 -4.94277391e-03 -5.34656220e-03 -5.73570378e-03 -6.10248092e-03 -6.43916499e-03 -6.73826389e-03 -6.99277784e-03 -7.19645284e-03 -7.34402039e-03 -7.43141176e-03 -7.45593565e-03 -7.41640919e-03 -7.31323372e-03 -7.14840963e-03 -6.92548696e-03 -6.64945222e-03 -6.32655512e-03 -5.96408268e-03 -5.57009127e-03 -5.15310985e-03 -4.72182963e-03 -4.28479635e-03 -3.85012107e-03 -3.42522404e-03 -3.01662406e-03 -2.62978215e-03 -2.26900476e-03 -1.93740753e-03 -1.63693655e-03 -1.36844064e-03 -1.13178523e-03 -9.25996731e-04 -7.49425331e-04 -5.99914605e-04 -4.74967254e-04 -3.71898275e-04 -2.87969005e-04 -2.20497954e-04 -1.66946616e-04 -1.24980492e-04 -9.25071704e-05 -6.76944568e-05 -4.89721845e-05 -3.50215704e-05 -2.47558540e-05 -1.72955675e-05 -1.19412502e-05 -8.14580779e-06 -5.48810882e-06 -3.64885637e-06 -2.38929640e-06 -1.53294751e-06 -9.50252449e-07 -5.45852479e-07 -2.48056649e-07 0.00000000e+00
 0.00000000e+00 -3.38156281e-08 -7.42347473e-08 -1.28886592e-07 -2.07564807e-07 -3.23597897e-07 -4.95581833e-07 -7.49621467e-07 -1.12224712e-06 -1.66419390e-06 -2.44525122e-06 -3.56040464e-06 -5.13749754e-06 -7.34662918e-06 -1.04114738e-05 -1.46226434e-05 -2.03531206e-05 -2.80756468e-05 -3.83817697e-05 -5.20020209e-05 -6.98264221e-05 -9.29242155e-05 -1.22561392e-04 -1.60214277e-04 -2.07577162e-04 -2.66561767e-04 -3.39286233e-04 -4.28051409e-04 -5.35302431e-04 -6.63574078e-04 -8.15419027e-04 -9.93319049e-04 -1.19958022e-03 -1.43621446e-03 -1.70481088e-03 -2.00640177e-03 -2.34132899e-03 -2.70911758e-03 -3.10836377e-03 -3.53664496e-03 -3.99045877e-03 -4.46519775e-03 -4.95516521e-03 -5.45363588e-03 -5.95296354e-03 -6.44473543e-03 -6.91997120e-03 -7.36936144e-03 -7.78353894e-03 -8.15337342e-03 -8.47027865e-03 -8.72651936e-03 -8.91550443e-03 -9.03205230e-03 -9.07261498e-03 -9.03544814e-03 -8.92071666e-03 -8.73052750e-03 -8.46888562e-03 -8.14157191e-03 -7.75594707e-03 -7.32068914e-03 -6.84547664e-03 -6.34063290e-03 -5.81674950e-03 -5.28430844e-03 -4.75332267e-03 -4.23301349e-03 -3.73154055e-03 -3.25579670e-03 -2.81127493e-03 -2.40201015e-03 -2.03059285e-03 -1.69824770e-03 -1.40496593e-03 -1.14967819e-03 -9.30452814e-04 -7.44705036e-04 -5.89403413e-04 -4.61262177e-04 -3.56910854e-04 -2.73035544e-04 -2.06489169e-04 -1.54370673e-04 -1.14075236e-04 -8.33190996e-05 -6.01435117e-05 -4.29026310e-05 -3.02401180e-05 -2.10586857e-05 -1.44862087e-05 -9.84122586e-06 -6.59989300e-06 -4.36573710e-06 -2.84294981e-06 -1.81347390e-06 -1.11776940e-06 -6.38889271e-07 -2.89327217e-07 0.00000000e+00
 0.00000000e+00 -4.02378563e-08 -8.83147017e-08 -1.53284381e-07 -2.46763898e-07 -3.84555616e-07 -5.88697391e-07 -8.90113890e-07 -1.33206562e-06 -1.97461731e-06 -2.90037070e-06 -4.22172467e-06 -6.08993176e-06 -8.70620816e-06 -1.23351171e-05 -1.73203732e-05 -2.41031029e-05 -3.32424324e-05 -4.54380591e-05 -6.15541938e-05 -8.26439376e-05 -1.09972805e-04 -1.45039719e-04 -1.89593449e-04 -2.45642118e-04 -3.15453180e-04 -4.01541161e-04 -5.06640499e-04 -6.33661130e-04 -7.85624969e-04 -9.65582211e-04 -1.17650743e-03 -1.42117663e-03 -1.70202792e-03 -2.02100969e-03 -2.37942201e-03 -2.77775777e-03 -3.21555154e-03 -3.69124464e-03 -4.20207509e-03 -4.74400104e-03 -5.31166542e-03 -5.89840838e-03 -6.49633225e-03 -7.09642180e-03 -7.68872005e-03 -8.26255715e-03 -8.80682753e-03 -9.31030717e-03 -9.76200078e-03 -1.01515062e-02 -1.04693816e-02 -1.07074987e-02 -1.08593673e-02 -1.09204123e-02 -1.08881903e-02 -1.07625308e-02 -1.05455927e-02 -1.02418290e-02 -9.85785886e-03 -9.40224841e-03 -8.88521056e-03 -8.31823543e-03 -7.71366986e-03 -7.08426682e-03 -6.44272800e-03 -5.80126345e-03 -5.17119103e-03 -4.56259584e-03 -3.98406554e-03 -3.44251195e-03 -2.94308345e-03 -2.48916631e-03 -2.08246726e-03 -1.72316477e-03 -1.41011301e-03 -1.14108034e-03 -9.13004173e-04 -7.22245090e-04 -5.64825564e-04 -4.36642118e-04 -3.33643299e-04 -2.51969643e-04 -1.88055161e-04 -1.38692608e-04 -1.01066820e-04 -7.27616069e-05 -5.17462358e-05 -3.63474029e-05 -2.52120954e-05 -1.72659005e-05 -1.16703692e-05 -7.78206859e-06 -5.11505464e-06 -3.30772565e-06 -2.09439544e-06 -1.28145875e-06 -7.27693650e-07 -3.28031783e-07 0.00000000e+00
 0.00000000e+00 -4.74438192e-08 -1.04107802e-07 -1.80637599e-07 -2.90686047e-07 -4.52815490e-07 -6.92900980e-07 -1.04723708e-06 -1.56657822e-06 -2.32137193e-06 -3.40847175e-06 -4.95963767e-06 -7.15213930e-06 -1.02217639e-05 -1.44784877e-05 -2.03249868e-05 -2.82780322e-05 -3.89926246e-05 -5.32884762e-05 -7.21781300e-05 -9.68956396e-05 -1.28924311e-04 -1.70021574e-04 -2.22238614e-04 -2.87932022e-04 -3.69764418e-04 -4.70690896e-04 -5.93928179e-04 -7.42903694e-04 -9.21182389e-04 -1.13236997e-03 -1.37999245e-03 -1.66735328e-03 -1.99737103e-03 -2.37240207e-03 -2.79405472e-03 -3.26300243e-03 -3.77880513e-03 -4.33974857e-03 -4.94271169e-03 -5.58307225e-03 -6.25465956e-03 -6.94976236e-03 -7.65919759e-03 -8.37244349e-03 -9.07783789e-03 -9.76283938e-03 -1.04143458e-02 -1.10190617e-02 -1.15639027e-02 -1.20364231e-02 -1.24252490e-02 -1.27204994e-02 -1.29141756e-02 -1.30004998e-02 -1.29761836e-02 -1.28406119e-02 -1.25959286e-02 -1.22470145e-02 -1.18013557e-02 -1.12688039e-02 -1.06612367e-02 -9.99213343e-03 -9.27608438e-03 -8.52825959e-03 -7.76386271e-03 -6.99759932e-03 -6.24318697e-03 -5.51293219e-03 -4.81739484e-03 -4.16515400e-03 -3.56268266e-03 -3.01433051e-03 -2.52240722e-03 -2.08735207e-03 -1.70797117e-03 -1.38172056e-03 -1.10501297e-03 -8.73526849e-04 -6.82499243e-04 -5.26988047e-04 -4.02093574e-04 -3.03134106e-04 -2.25774304e-04 -1.66108854e-04 -1.20706384e-04 -8.66202908e-05 -6.13738635e-05 -4.29270386e-05 -2.96315157e-05 -2.01799502e-05 -1.35537691e-05 -8.97293676e-06 -5.84987185e-06 -3.74874135e-06 -2.35057875e-06 -1.42408239e-06 -8.01537287e-07 -3.59034268e-07 0.00000000e+00
 0.00000000e+00 -5.54288374e-08 -1.21602368e-07 -2.10922346e-07 -3.39285787e-07 -5.28294925e-07 -8.08047875e-07 -1.22074495e-06 -1.82537707e-06 -2.70379676e-06 -3.96850406e-06 -5.77250423e-06 -8.32160286e-06 -1.18894893e-05 -1.68359098e-05 -2.36281364e-05 -3.28657885e-05 -4.53088453e-05 -6.19084021e-05 -8.38393599e-05 -1.12533814e-04 -1.49713421e-04 -1.97418528e-04 -2.58031330e-04 -3.34289901e-04 -4.29289602e-04 -5.46468184e-04 -6.89571027e-04 -8.62593235e-04 -1.06969604e-03 -1.31509592e-03 -1.60292629e-03 -1.93707296e-03 -2.32098693e-03 -2.75747933e-03 -3.24850582e-03 -3.79494931e-03 -4.39641111e-03 -5.05102194e-03 -5.75528441e-03 -6.50395860e-03 -7.29000126e-03 -8.10456795e-03 -8.93708498e-03 -9.77539570e-03 -1.06059823e-02 -1.14142609e-02 -1.21849446e-02 -1.29024641e-02 -1.35514344e-02 -1.41171499e-02 -1.45860899e-02 -1.49464130e-02 -1.51884189e-02 -1.53049529e-02 -1.52917352e-02 -1.51475923e-02 -1.48745765e-02 -1.44779630e-02 -1.39661175e-02 -1.33502380e-02 -1.26439764e-02 -1.18629579e-02 -1.10242167e-02 -1.01455786e-02 -9.24501778e-03 -8.34002485e-03 -7.44701594e-03 -6.58081560e-03 -5.75423819e-03 -4.97778701e-03 -4.25948157e-03 -3.60481469e-03 -3.01683191e-03 -2.49631781e-03 -2.04206795e-03 -1.65122049e-03 -1.31962089e-03 -1.04219319e-03 -8.13295174e-04 -6.27038724e-04 -4.77562426e-04 -3.59249105e-04 -2.66886229e-04 -1.95771628e-04 -1.41770295e-04 -1.01330253e-04 -7.14664230e-05 -4.97215264e-05 -3.41123019e-05 -2.30681569e-05 -1.53679015e-05 -1.00787315e-05 -6.50021488e-06 -4.11483457e-06 -2.54565685e-06 -1.52096581e-06 -8.45185385e-07 -3.75076770e-07 0.00000000e+00
 0.00000000e+00 -6.41633522e-08 -1.40732112e-07 -2.44019940e-07 -3.92365057e-07 -6.10673499e-07 -9.33629222e-07 -1.40984074e-06 -2.10723001e-06 -3.12000840e-06 -4.57762094e-06 -6.65606855e-06 -9.59202786e-06 -1.37001721e-05 -1.93940401e-05 -2.72106922e-05 -3.78392228e-05 -5.21529484e-05 -7.12447677e-05 -9.64647746e-05 -1.29458720e-04 -1.72205369e-04 -2.27050222e-04 -2.96732499e-04 -3.84401769e-04 -4.93620232e-04 -6.28346473e-04 -7.92896544e-04 -9.91878664e-04 -1.23009853e-03 -1.51243340e-03 -1.84367464e-03 -2.22834012e-03 -2.67046027e-03 -3.17334326e-03 -3.73932761e-03 -4.36953198e-03 -5.06361382e-03 -5.81954977e-03 -6.63345111e-03 -7.49942736e-03 -8.40951048e-03 -9.35365018e-03 -1.03197887e-02 -1.12940205e-02 -1.22608382e-02 -1.32034638e-02 -1.41042578e-02 -1.49451974e-02 -1.57084079e-02 -1.63767306e-02 -1.69343050e-02 -1.73671422e-02 -1.76636629e-02 -1.78151757e-02 -1.78162702e-02 -1.76651020e-02 -1.73635519e-02 -1.69172449e-02 -1.63354223e-02 -1.56306663e-02 -1.48184863e-02 -1.39167802e-02 -1.29451963e-02 -1.19244245e-02 -1.08754512e-02 -9.81881805e-03 -8.77392028e-03 -7.75838438e-03 -6.78755451e-03 -5.87411324e-03 -5.02785106e-03 -4.25558926e-03 -3.56124965e-03 -2.94605502e-03 -2.40883589e-03 -1.94641408e-03 -1.55403072e-03 -1.22578724e-03 -9.55070852e-04 -7.34941362e-04 -5.58462617e-04 -4.18968790e-04 -3.10262228e-04 -2.26745175e-04 -1.63491970e-04 -1.16271132e-04 -8.15280929e-05 -5.63395398e-05 -3.83495036e-05 -2.56959234e-05 -1.69346603e-05 -1.09661019e-05 -6.96777378e-06 -4.33488638e-06 -2.62953535e-06 -1.53837223e-06 -8.37923317e-07 -3.66324881e-07 0.00000000e+00
 0.00000000e+00 -7.35897430e-08 -1.61369232e-07 -2.79705129e-07 -4.49554611e-07 -6.99364643e-07 -1.06872970e-06 -1.61311450e-06 -2.40998920e-06 -3.56676866e-06 -5.23098913e-06 -7.60318738e-06 -1.09529595e-05 -1.56386578e-05 -2.21311213e-05 -3.10417136e-05 -4.31547488e-05 -5.94641079e-05 -8.12134781e-05 -1.09939184e-04 -1.47514024e-04 -1.96189922e-04 -2.58636515e-04 -3.37972199e-04 -4.37783528e-04 -5.62128461e-04 -7.15518699e-04 -9.02876438e-04 -1.12946128e-03 -1.40076390e-03 -1.72236427e-03 -2.09975402e-03 -2.53812458e-03 -3.04212490e-03 -3.61559537e-03 -4.26128660e-03 -4.98057452e-03 -5.77318454e-03 -6.63693950e-03 -7.56754620e-03 -8.55843565e-03 -9.60067106e-03 -1.06829355e-02 -1.17916095e-02 -1.29109436e-02 -1.40233305e-02 -1.51096730e-02 -1.61498415e-02 -1.71232119e-02 -1.80092653e-02 -1.87882315e-02 -1.94417521e-02 -1.99535352e-02 -2.03099756e-02 -2.05007090e-02 -2.05190735e-02 -2.03624527e-02 -2.00324772e-02 -1.95350709e-02 -1.88803299e-02 -1.80822352e-02 -1.71582039e-02 -1.61284967e-02 -1.50155042e-02 -1.38429463e-02 -1.26350214e-02 -1.14155490e-02 -1.02071504e-02 -9.03050999e-03 -7.90375580e-03 -6.84199035e-03 -5.85699132e-03 -4.95709088e-03 -4.14722878e-03 -3.42916279e-03 -2.80180963e-03 -2.26168252e-03 -1.80338759e-03 -1.42014120e-03 -1.10427388e-03 -8.47691873e-04 -6.42275409e-04 -4.80200690e-04 -3.54180820e-04 -2.57627644e-04 -1.84741914e-04 -1.30542794e-04 -9.08495325e-05 -6.22284553e-05 -4.19175798e-05 -2.77394446e-05 -1.80106637e-05 -1.14544848e-05 -7.12053329e-06 -4.31410175e-06 -2.53587377e-06 -1.43186304e-06 -7.52576333e-07 -3.19910176e-07 0.00000000e+00
 0.00000000e+00 -8.36200325e-08 -1.83319468e-07 -3.17637741e-07 -5.10301034e-07 -7.93496171e-07 -1.21199889e-06 -1.82850158e-06 -2.73053145e-06 -4.03939976e-06 -5.92166927e-06 -8.60366307e-06 -1.23895514e-05 -1.76835318e-05 -2.50165492e-05 -3.50778631e-05 -4.87515576e-05 -6.71577739e-05 -9.16980353e-05 -1.24103512e-04 -1.66484460e-04 -2.21378366e-04 -2.91793617e-04 -3.81244756e-04 -4.93774764e-04 -6.33959301e-04 -8.06887576e-04 -1.01811459e-03 -1.27357998e-03 -1.57948950e-03 -1.94215684e-03 -2.36780506e-03 -2.86232933e-03 -3.43102541e-03 -4.07829086e-03 -4.80730884e-03 -5.61972694e-03 -6.51534558e-03 -7.49183201e-03 -8.54447687e-03 -9.66601008e-03 -1.08464917e-02 -1.20732918e-02 -1.33311705e-02 -1.46024646e-02 -1.58673859e-02 -1.71044269e-02 -1.82908696e-02 -1.94033836e-02 -2.04186967e-02 -2.13143159e-02 -2.20692732e-02 -2.26648647e-02 -2.30853538e-02 -2.33186037e-02 -2.33566099e-02 -2.31959023e-02 -2.28377933e-02 -2.22884524e-02 -2.15587972e-02 -2.06641960e-02 -1.96239895e-02 -1.84608461e-02 -1.71999765e-02 -1.58682419e-02 -1.44931961e-02 -1.31021098e-02 -1.17210267e-02 -1.03739009e-02 -9.08186208e-03 -7.86264451e-03 -6.73020855e-03 -5.69456618e-03 -4.76180950e-03 -3.93432595e-03 -3.21117126e-03 -2.58856211e-03 -2.06044478e-03 -1.61909507e-03 -1.25570811e-03 -9.60942807e-04 -7.25394714e-04 -5.39980735e-04 -3.96228728e-04 -2.86473545e-04 -2.03967704e-04 -1.42919424e-04 -9.84731738e-05 -6.66484119e-05 -4.42512357e-05 -2.87717141e-05 -1.82771571e-05 -1.13089080e-05 -6.78771168e-06 -3.93050789e-06 -2.17971775e-06 -1.14475867e-06 -5.54590484e-07 -2.19501634e-07 0.00000000e+00
 0.00000000e+00 -9.41347733e-08 -2.06319758e-07 -3.57358879e-07 -5.73861108e-07 -8.91902330e-07 -1.36164040e-06 -2.05326806e-06 -3.06473934e-06 -4.53176023e-06 -6.64058609e-06 -9.64420790e-06 -1.38825246e-05 -1.98070759e-05 -2.80108301e-05 -3.92633738e-05 -5.45516067e-05 -7.51257028e-05 -1.02549639e-04 -1.38755015e-04 -1.86096208e-04 -2.47404137e-04 -3.26035086e-04 -4.25910248e-04 -5.51540919e-04 -7.08033711e-04 -9.01069877e-04 -1.13685290e-03 -1.42201898e-03 -1.76350615e-03 -2.16837915e-03 -2.64360939e-03 -3.19581185e-03 -3.83094350e-03 -4.55397116e-03 -5.36851944e-03 -6.27651264e-03 -7.27782650e-03 -8.36996775e-03 -9.54780003e-03 -1.08033350e-02 -1.21256063e-02 -1.35006411e-02 -1.49115434e-02 -1.63386953e-02 -1.77600820e-02 -1.91517370e-02 -2.04883023e-02 -2.17436883e-02 -2.28918160e-02 -2.39074169e-02 -2.47668608e-02 -2.54489801e-02 -2.59358553e-02 -2.62135262e-02 -2.62725943e-02 -2.61086846e-02 -2.57227404e-02 -2.51211292e-02 -2.43155464e-02 -2.33227133e-02 -2.21638726e-02 -2.08640972e-02 -1.94514376e-02 -1.79559429e-02 -1.64085979e-02 -1.48402292e-02 -1.32804343e-02 -1.17565892e-02 -1.02929901e-02 -8.91017138e-03 -7.62443695e-03 -6.44762196e-03 -5.38708805e-03 -4.44593690e-03 -3.62341196e-03 -2.91544605e-03 -2.31530500e-03 -1.81427543e-03 -1.40234721e-03 -1.06884837e-03 -8.03000052e-04 -5.94370523e-04 -4.33218888e-04 -3.10729168e-04 -2.19143776e-04 -1.51810964e-04 -1.03163980e-04 -6.86504101e-05 -4.46292193e-05 -2.82506832e-05 -1.73314665e-05 -1.02338995e-05 -5.75548135e-06 -3.03199679e-06 -1.45550195e-06 -6.06842245e-07 -2.01259486e-07 -4.49454464e-08 0.00000000e+00
 0.00000000e+00 -1.04983374e-07 -2.30039054e-07 -3.98292604e-07 -6.39305034e-07 -9.93129677e-07 -1.51542220e-06 -2.28402840e-06 -3.40753040e-06 -5.03629240e-06 -7.37660397e-06 -1.07085621e-05 -1.54083497e-05 -2.19755428e-05 -3.10659912e-05 -4.35306531e-05 -6.04604991e-05 -8.32372211e-05 -1.13588981e-04 -1.53649793e-04 -2.06020399e-04 -2.73827626e-04 -3.60778349e-04 -4.71203273e-04 -6.10084971e-04 -7.83063989e-04 -9.96416515e-04 -1.25699718e-03 -1.57214111e-03 -1.94952038e-03 -2.39695186e-03 -2.92215558e-03 -3.53246546e-03 -4.23449766e-03 -5.03378478e-03 -5.93438799e-03 -6.93850184e-03 -8.04606946e-03 -9.25442769e-03 -1.05580027e-02 -1.19480767e-02 -1.34126451e-02 -1.49363815e-02 -1.65007237e-02 -1.80840913e-02 -1.96622378e-02 -2.12087366e-02 -2.26955924e-02 -2.40939638e-02 -2.53749767e-02 -2.65106013e-02 -2.74745617e-02 -2.82432425e-02 -2.87965545e-02 -2.91187211e-02 -2.91989481e-02 -2.90319436e-02 -2.86182571e-02 -2.79644167e-02 -2.70828483e-02 -2.59915709e-02 -2.47136717e-02 -2.32765751e-02 -2.17111292e-02 -2.00505462e-02 -1.83292411e-02 -1.65816222e-02 -1.48408936e-02 -1.31379320e-02 -1.15002980e-02 -9.95143605e-03 -8.51010605e-03 -7.19007129e-03 -6.00005151e-03 -4.94392770e-03 -4.02116823e-03 -3.22743000e-03 -2.55527877e-03 -1.99496879e-03 -1.53522390e-03 -1.16396961e-03 -8.68976853e-04 -6.38391527e-04 -4.61137053e-04 -3.27189935e-04 -2.27737877e-04 -1.55237131e-04 -1.03389601e-04 -6.70613695e-05 -4.21632237e-05 -2.55111289e-05 -1.46811201e-05 -7.86929740e-06 -3.76402499e-06 -1.43429290e-06 -2.35679858e-07 2.66528158e-07 3.58803781e-07 2.27980901e-07 0.00000000e+00
 0.00000000e+00 -1.15986057e-07 -2.54082723e-07 -4.39753821e-07 -7.05529618e-07 -1.09545845e-06 -1.67071062e-06 -2.51679875e-06 -3.75293971e-06 -5.54414869e-06 -8.11671806e-06 -1.17777800e-05 -1.69396698e-05 -2.41497774e-05 -3.41264816e-05 -4.78015775e-05 -6.63693231e-05 -9.13418147e-05 -1.24609855e-04 -1.68507783e-04 -2.25879928e-04 -3.00145419e-04 -3.95357115e-04 -5.16249460e-04 -6.68269195e-04 -8.57582193e-04 -1.09104935e-03 -1.37616449e-03 -1.72094788e-03 -2.13379015e-03 -2.62324314e-03 -3.19775678e-03 -3.86536410e-03 -4.63331970e-03 -5.50770104e-03 -6.49298520e-03 -7.59161746e-03 -8.80359079e-03 -1.01260576e-02 -1.15529962e-02 -1.30749542e-02 -1.46788904e-02 -1.63481337e-02 -1.80624745e-02 -1.97983983e-02 -2.15294667e-02 -2.32268440e-02 -2.48599604e-02 -2.63972962e-02 -2.78072644e-02 -2.90591632e-02 -3.01241631e-02 -3.09762919e-02 -3.15933750e-02 -3.19578921e-02 -3.20577089e-02 -3.18866497e-02 -3.14448779e-02 -3.07390626e-02 -2.97823132e-02 -2.85938752e-02 -2.71985909e-02 -2.56261342e-02 -2.39100469e-02 -2.20866069e-02 -2.01935773e-02 -1.82688880e-02 -1.63493169e-02 -1.44692351e-02 -1.26594873e-02 -1.09464671e-02 -9.35144132e-03 -7.89015529e-03 -6.57273505e-03 -5.40387604e-03 -4.38328839e-03 -3.50634936e-03 -2.76490090e-03 -2.14812410e-03 -1.64342374e-03 -1.23726324e-03 -9.15903222e-04 -6.66011579e-04 -4.75129125e-04 -3.31989188e-04 -2.26701565e-04 -1.50819620e-04 -9.73141663e-05 -6.04793059e-05 -3.57942229e-05 -1.97619272e-05 -9.74185750e-06 -3.78882325e-06 -5.06532964e-07 1.07973717e-06 1.62973918e-06 1.57471745e-06 1.18584346e-06 6.27650193e-07 0.00000000e+00
 0.00000000e+00 -1.26937559e-07 -2.78000753e-07 -4.80962741e-07 -7.71281976e-07 -1.19694022e-06 -1.82452908e-06 -2.74708744e-06 -4.09425776e-06 -6.04539955e-06 -8.84636468e-06 -1.28306890e-05 -1.84459728e-05 -2.62861912e-05 -3.71305724e-05 -5.19894842e-05 -7.21574615e-05 -9.92730548e-05 -1.35384594e-04 -1.83020212e-04 -2.45259600e-04 -3.25803966e-04 -4.29039629e-04 -5.60089643e-04 -7.24846896e-04 -9.29981454e-04 -1.18291449e-03 -1.49175122e-03 -1.86516601e-03 -2.31223382e-03 -2.84220455e-03 -3.46421901e-03 -4.18696891e-03 -5.01830659e-03 -5.96481452e-03 -7.03134815e-03 -8.22056995e-03 -9.53249496e-03 -1.09640711e-02 -1.25088184e-02 -1.41565513e-02 -1.58932074e-02 -1.77008021e-02 -1.95575268e-02 -2.14380001e-02 -2.33136790e-02 -2.51534251e-02 -2.69242196e-02 -2.85920073e-02 -3.01226454e-02 -3.14829267e-02 -3.26416398e-02 -3.35706242e-02 -3.42457795e-02 -3.46479828e-02 -3.47638757e-02 -3.45864814e-02 -3.41156216e-02 -3.33581086e-02 -3.23276941e-02 -3.10447692e-02 -2.95358135e-02 -2.78326065e-02 -2.59712216e-02 -2.39908356e-02 -2.19323972e-02 -1.98372125e-02 -1.77455099e-02 -1.56950604e-02 -1.37199257e-02 -1.18494077e-02 -1.01072590e-02 -8.51119889e-03 -7.07275627e-03 -5.79743534e-03 -4.68517481e-03 -3.73104862e-03 -2.92614039e-03 -2.25851477e-03 -1.71420909e-03 -1.27817591e-03 -9.35120979e-04 -6.70198119e-04 -4.69540832e-04 -3.20627604e-04 -2.12491902e-04 -1.35798036e-04 -8.28099213e-05 -4.72817857e-05 -2.42985807e-05 -1.00904406e-05 -1.84076022e-06 2.49770191e-06 4.36924285e-06 4.75900904e-06 4.31246036e-06 3.43133712e-06 2.34867489e-06 1.18645173e-06 0.00000000e+00
 0.00000000e+00 -1.37612565e-07 -3.01299740e-07 -5.21065863e-07 -8.35193632e-07 -1.29545157e-06 -1.97364113e-06 -2.97002173e-06 -4.42422199e-06 -6.52932006e-06 -9.54984620e-06 -1.38445133e-05 -1.98944995e-05 -2.83380717e-05 -4.00122272e-05 -5.60018215e-05 -7.76963119e-05 -1.06853773e-04 -1.45671204e-04 -1.96859354e-04 -2.63719345e-04 -3.50217337e-04 -4.61052325e-04 -6.01711089e-04 -7.78503302e-04 -9.98569053e-04 -1.26985063e-03 -1.60102048e-03 -2.00135797e-03 -2.48056894e-03 -3.04854406e-03 -3.71505500e-03 -4.48939065e-03 -5.37993981e-03 -6.39373078e-03 -7.53594272e-03 -8.80940752e-03 -1.02141243e-02 -1.17468111e-02 -1.34005199e-02 -1.51643409e-02 -1.70232202e-02 -1.89579138e-02 -2.09450938e-02 -2.29576195e-02 -2.49649779e-02 -2.69338913e-02 -2.88290810e-02 -3.06141684e-02 -3.22526861e-02 -3.37091656e-02 -3.49502625e-02 -3.59458740e-02 -3.66702061e-02 -3.71027423e-02 -3.72290751e-02 -3.70415589e-02 -3.65397559e-02 -3.57306480e-02 -3.46285992e-02 -3.32550590e-02 -3.16380077e-02 -2.98111508e-02 -2.78128831e-02 -2.56850508e-02 -2.34715550e-02 -2.12168509e-02 -1.89644093e-02 -1.67552171e-02 -1.46263988e-02 -1.26100390e-02 -1.07322766e-02 -9.01272581e-03 -7.46425373e-03 -6.09311693e-03 -4.89942948e-03 -3.87790918e-03 -3.01882813e-03 -2.30908229e-03 -1.73329295e-03 -1.27486050e-03 -9.16905293e-04 -6.43050127e-04 -4.38019537e-04 -2.88051122e-04 -1.81130614e-04 -1.07074420e-04 -5.74904529e-05 -2.56504999e-05 -6.30605682e-06 4.52441564e-06 9.77436209e-06 1.15376876e-05 1.12563071e-05 9.88098387e-06 8.00371492e-06 5.96282194e-06 3.92383410e-06 1.94039449e-06 0.00000000e+00
 0.00000000e+00 -1.47772756e-07 -3.23458392e-07 -5.59162963e-07 -8.95824130e-07 -1.38876236e-06 -2.11465538e-06 -3.18050721e-06 -4.73525636e-06 -6.98474662e-06 -1.02108572e-05 -1.47956436e-05 -2.12513582e-05 -3.02571829e-05 -4.27033821e-05 -5.97433651e-05 -8.28537853e-05 -1.13902301e-04 -1.55221946e-04 -2.09690223e-04 -2.80810025e-04 -3.72788400e-04 -4.90607957e-04 -6.40084569e-04 -8.27903993e-04 -1.06162919e-03 -1.34966973e-03 -1.70120482e-03 -2.12605200e-03 -2.63447536e-03 -3.23692902e-03 -3.94373483e-03 -4.76469672e-03 -5.70865856e-03 -6.78301670e-03 -7.99320281e-03 -9.34215711e-03 -1.08298154e-02 -1.24526361e-02 -1.42031949e-02 -1.60698744e-02 -1.80366752e-02 -2.00831710e-02 -2.21846260e-02 -2.43122868e-02 -2.64338536e-02 -2.85141270e-02 -3.05158189e-02 -3.24005061e-02 -3.41296976e-02 -3.56659796e-02 -3.69741961e-02 -3.80226180e-02 -3.87840566e-02 -3.92368718e-02 -3.93658357e-02 -3.91628119e-02 -3.86272201e-02 -3.77662630e-02 -3.65948988e-02 -3.51355500e-02 -3.34175486e-02 -3.14763224e-02 -2.93523404e-02 -2.70898412e-02 -2.47353855e-02 -2.23362832e-02 -1.99389630e-02 -1.75873638e-02 -1.53214354e-02 -1.31758361e-02 -1.11789111e-02 -9.35201531e-03 -7.70922140e-03 -6.25742256e-03 -4.99680595e-03 -3.92164209e-03 -3.02131098e-03 -2.28147092e-03 -1.68527209e-03 -1.21452393e-03 -8.50741371e-04 -5.76016269e-04 -3.73684631e-04 -2.28782796e-04 -1.28305143e-04 -6.12899510e-05 -1.87683263e-05 6.38586634e-06 1.96686379e-05 2.51891937e-05 2.59184225e-05 2.39239949e-05 2.05801464e-05 1.67459476e-05 1.29103936e-05 9.30591742e-06 5.99407770e-06 2.92840771e-06 0.00000000e+00
 0.00000000e+00 -1.57175202e-07 -3.43945958e-07 -5.94339072e-07 -9.51712517e-07 -1.47461591e-06 -2.24414830e-06 -3.37341348e-06 -5.01974922e-06 -7.40048896e-06 -1.08130900e-05 -1.56605184e-05 -2.24827982e-05 -3.19955894e-05 -4.51365326e-05 -6.31198584e-05 -8.74993851e-05 -1.20239494e-04 -1.63792963e-04 -2.21183666e-04 -2.96091083e-04 -3.92932421e-04 -5.16936897e-04 -6.74205510e-04 -8.71748571e-04 -1.11749238e-03 -1.42024606e-03 -1.78961963e-03 -2.23588516e-03 -2.76977442e-03 -3.40220884e-03 -4.14396050e-03 -5.00524707e-03 -5.99526774e-03 -7.12169209e-03 -8.39011839e-03 -9.80352243e-03 -1.13617217e-02 -1.30608825e-02 -1.48930985e-02 -1.68460712e-02 -1.89029171e-02 -2.10421285e-02 -2.32377038e-02 -2.54594621e-02 -2.76735444e-02 -2.98430984e-02 -3.19291330e-02 -3.38915188e-02 -3.56901047e-02 -3.72859103e-02 -3.86423508e-02 -3.97264461e-02 -4.05099669e-02 -4.09704693e-02 -4.10921777e-02 -4.08666789e-02 -4.02933968e-02 -3.93798279e-02 -3.81415201e-02 -3.66017885e-02 -3.47911646e-02 -3.27465828e-02 -3.05103177e-02 -2.81286928e-02 -2.56505948e-02 -2.31258434e-02 -2.06034828e-02 -1.81300735e-02 -1.57480805e-02 -1.34944516e-02 -1.13994814e-02 -9.48603589e-03 -7.76918915e-03 -6.25629059e-03 -4.94744172e-03 -3.83632794e-03 -2.91132069e-03 -2.15674687e-03 -1.55421645e-03 -1.08390548e-03 -7.25708816e-04 -4.60200665e-04 -2.69368338e-04 -1.37110486e-04 -4.95134321e-05 5.06455576e-06 3.60614833e-05 5.08893253e-05 5.51798242e-05 5.30623117e-05 4.74448058e-05 4.02776490e-05 3.27865715e-05 2.56685999e-05 1.92493605e-05 1.36039847e-05 8.64617711e-06 4.19131253e-06 0.00000000e+00
 0.00000000e+00 -1.65581740e-07 -3.62242750e-07 -6.25699996e-07 -1.00143430e-06 -1.55081745e-06 -2.35879901e-06 -3.54377712e-06 -5.27035608e-06 -7.76577752e-06 -1.13408898e-05 -1.64165762e-05 -2.35565791e-05 -3.35076096e-05 -4.72474984e-05 -6.60418916e-05 -9.15096019e-05 -1.25696172e-04 -1.71154463e-04 -2.31030178e-04 -3.09149127e-04 -4.10101851e-04 -5.39319925e-04 -7.03137020e-04 -9.08826659e-04 -1.16460778e-03 -1.47960877e-03 -1.86378073e-03 -2.32775159e-03 -2.88261434e-03 -3.53964494e-03 -4.30994899e-03 -5.20404002e-03 -6.23135707e-03 -7.39973393e-03 -8.71483755e-03 -1.01795976e-02 -1.17936531e-02 -1.35528447e-02 -1.54487838e-02 -1.74685264e-02 -1.95943838e-02 -2.18038898e-02 -2.40699487e-02 -2.63611717e-02 -2.86424088e-02 -3.08754684e-02 -3.30200105e-02 -3.50345882e-02 -3.68778037e-02 -3.85095381e-02 -3.98922081e-02 -4.09920017e-02 -4.17800424e-02 -4.22334369e-02 -4.23361645e-02 -4.20797742e-02 -4.14638611e-02 -4.04963041e-02 -3.91932495e-02 -3.75788335e-02 -3.56846400e-02 -3.35488954e-02 -3.12154073e-02 -2.87322647e-02 -2.61503283e-02 -2.35215562e-02 -2.08972275e-02 -1.83261479e-02 -1.58529321e-02 -1.35164706e-02 -1.13486826e-02 -9.37364494e-03 -7.60715921e-03 -6.05678357e-03 -4.72231404e-03 -3.59666008e-03 -2.66702478e-03 -1.91627732e-03 -1.32439687e-03 -8.69872906e-04 -5.30964793e-04 -2.86750304e-04 -1.17922975e-04 -7.32789196e-06 5.97491064e-05 9.55052353e-05 1.09712836e-04 1.09931059e-04 1.01790446e-04 8.93098222e-05 7.52133741e-05 6.12249887e-05 4.83256241e-05 3.69669082e-05 2.72399115e-05 1.90020973e-05 1.19679908e-05 5.77045693e-06 0.00000000e+00
 0.00000000e+00 -1.72768836e-07 -3.77861718e-07 -6.52409528e-07 -1.04366093e-06 -1.61532607e-06 -2.45552899e-06 -3.68701143e-06 -5.48031107e-06 -8.07072194e-06 -1.17799238e-05 -1.70432229e-05 -2.44433599e-05 -3.47517921e-05 -4.89782114e-05 -6.84288012e-05 -9.47733247e-05 -1.30120565e-04 -1.77100872e-04 -2.38953631e-04 -3.19616354e-04 -4.23810847e-04 -5.57120601e-04 -7.26052265e-04 -9.38072927e-04 -1.20161405e-03 -1.52603248e-03 -1.92151917e-03 -2.39894690e-03 -2.96965032e-03 -3.64513379e-03 -4.43670627e-03 -5.35504630e-03 -6.40970522e-03 -7.60856151e-03 -8.95724458e-03 -1.04585507e-02 -1.21118780e-02 -1.39127104e-02 -1.58521820e-02 -1.79167518e-02 -2.00880194e-02 -2.23427058e-02 -2.46528179e-02 -2.69860095e-02 -2.93061411e-02 -3.15740311e-02 -3.37483823e-02 -3.57868556e-02 -3.76472559e-02 -3.92887866e-02 -4.06733260e-02 -4.17666740e-02 -4.25397213e-02 -4.29694963e-02 -4.30400486e-02 -4.27431391e-02 -4.20787107e-02 -4.10551228e-02 -3.96891385e-02 -3.80056555e-02 -3.60371767e-02 -3.38230190e-02 -3.14082632e-02 -2.88424552e-02 -2.61780827e-02 -2.34688667e-02 -2.07679297e-02 -1.81259221e-02 -1.55892093e-02 -1.31982318e-02 -1.09861547e-02 -8.97790496e-03 -7.18967296e-03 -5.62891327e-03 -4.29483449e-03 -3.17932286e-03 -2.26820488e-03 -1.54272683e-03 -9.81118262e-04 -5.60111301e-04 -2.56307091e-04 -4.73100182e-05 8.74156555e-05 1.65978594e-04 2.03765799e-04 2.13382650e-04 2.04777008e-04 1.85492510e-04 1.60998528e-04 1.35051398e-04 1.10051290e-04 8.73696221e-05 6.76317873e-05 5.09483800e-05 3.70944750e-05 2.56409893e-05 1.60448476e-05 7.70602881e-06 0.00000000e+00
 0.00000000e+00 -1.78537387e-07 -3.90369821e-07 -6.73726223e-07 -1.07721839e-06 -1.66634502e-06 -2.53163864e-06 -3.79911042e-06 -5.64372890e-06 -8.30675390e-06 -1.21178252e-05 -1.75227601e-05 -2.51180257e-05 -3.56927967e-05 -5.02793597e-05 -7.02123564e-05 -9.71969363e-05 -1.33385300e-04 -1.81460337e-04 -2.44724097e-04 -3.27187701e-04 -4.33658028e-04 -5.69815198e-04 -7.42273551e-04 -9.58617699e-04 -1.22740434e-03 -1.55812011e-03 -1.96108598e-03 -2.44729949e-03 -3.02820800e-03 -3.71540869e-03 -4.52027446e-03 -5.45350940e-03 -6.52464204e-03 -7.74147001e-03 -9.10947482e-03 -1.06312305e-02 -1.23058333e-02 -1.41283838e-02 -1.60895523e-02 -1.81752603e-02 -2.03665062e-02 -2.26393613e-02 -2.49651543e-02 -2.73108557e-02 -2.96396632e-02 -3.19117801e-02 -3.40853673e-02 -3.61176407e-02 -3.79660755e-02 -3.95896730e-02 -4.09502419e-02 -4.20136427e-02 -4.27509485e-02 -4.31394774e-02 -4.31636603e-02 -4.28157154e-02 -4.20961072e-02 -4.10137760e-02 -3.95861278e-02 -3.78387757e-02 -3.58050282e-02 -3.35251179e-02 -3.10451681e-02 -2.84159030e-02 -2.56911179e-02 -2.29259442e-02 -2.01749682e-02 -1.74902864e-02 -1.49196034e-02 -1.25044932e-02 -1.02789503e-02 -8.26834363e-03 -6.48885900e-03 -4.94747636e-03 -3.64247574e-03 -2.56441669e-03 -1.69749043e-03 -1.02111277e-03 -5.11611658e-04 -1.43867971e-04 1.07211476e-04 2.65476961e-04 3.52625475e-04 3.87609769e-04 3.86347460e-04 3.61687028e-04 3.23573595e-04 2.79352668e-04 2.34153033e-04 1.91298312e-04 1.52707894e-04 1.19260033e-04 9.11010692e-05 6.78941307e-05 4.90077978e-05 3.36500064e-05 2.09553308e-05 1.00350879e-05 0.00000000e+00
 0.00000000e+00 -1.82721857e-07 -3.99407931e-07 -6.89037525e-07 -1.10114129e-06 -1.70240465e-06 -2.58493229e-06 -3.87683476e-06 -5.75587865e-06 -8.46702674e-06 -1.23447712e-05 -1.78412154e-05 -2.55608690e-05 -3.63030610e-05 -5.11127204e-05 -7.13399978e-05 -9.87087721e-05 -1.35393487e-04 -1.84102969e-04 -2.48168918e-04 -3.31635591e-04 -4.39345958e-04 -5.77018252e-04 -7.51305536e-04 -9.69829785e-04 -1.24118111e-03 -1.57487239e-03 -1.98123966e-03 -2.47127986e-03 -3.05641894e-03 -3.74820627e-03 -4.55793491e-03 -5.49619135e-03 -6.57234367e-03 -7.79398192e-03 -9.16633006e-03 -1.06916536e-02 -1.23686908e-02 -1.41921394e-02 -1.61522295e-02 -1.82344163e-02 -2.04192209e-02 -2.26822443e-02 -2.49943722e-02 -2.73221818e-02 -2.96285497e-02 -3.18734511e-02 -3.40149303e-02 -3.60102103e-02 -3.78169039e-02 -3.93942797e-02 -4.07045346e-02 -4.17140226e-02 -4.23943937e-02 -4.27236023e-02 -4.26867502e-02 -4.22767396e-02 -4.14947178e-02 -4.03503014e-02 -3.88615697e-02 -3.70548218e-02 -3.49640853e-02 -3.26303696e-02 -3.01006543e-02 -2.74266116e-02 -2.46630728e-02 -2.18662708e-02 -1.90919122e-02 -1.63931655e-02 -1.38186735e-02 -1.14107221e-02 -9.20370070e-03 -7.22297989e-03 -5.48430582e-03 -3.99376399e-03 -2.74831278e-03 -1.73682976e-03 -9.41563866e-04 -3.39850250e-04 9.40716186e-05 3.87292534e-04 5.66653941e-04 6.57451688e-04 6.82478365e-04 6.61417485e-04 6.10566734e-04 5.42841057e-04 4.67991001e-04 3.92966858e-04 3.22362952e-04 2.58886141e-04 2.03805540e-04 1.57354165e-04 1.19065865e-04 8.80413554e-05 6.31450180e-05 4.31393156e-05 2.67666092e-05 1.27893844e-05 0.00000000e+00
 0.00000000e+00 -1.85198182e-07 -4.04707984e-07 -6.97889042e-07 -1.11471910e-06 -1.72243286e-06 -2.61382354e-06 -3.91786751e-06 -5.81341166e-06 -8.54674593e-06 -1.24539583e-05 -1.79890192e-05 -2.57585470e-05 -3.65641437e-05 -5.14530277e-05 -7.17774129e-05 -9.92626445e-05 -1.36083501e-04 -1.84947277e-04 -2.49181289e-04 -3.32821297e-04 -4.40696067e-04 -5.78501981e-04 -7.52860305e-04 -9.71348601e-04 -1.24249696e-03 -1.57573932e-03 -1.98131051e-03 -2.47008039e-03 -3.05331862e-03 -3.74238612e-03 -4.54835289e-03 -5.48154632e-03 -6.55103906e-03 -7.76409082e-03 -9.12556363e-03 -1.06373350e-02 -1.22977375e-02 -1.41010558e-02 -1.60371140e-02 -1.80909838e-02 -2.02428446e-02 -2.24680166e-02 -2.47371874e-02 -2.70168379e-02 -2.92698689e-02 -3.14564140e-02 -3.35348189e-02 -3.54627533e-02 -3.71984157e-02 -3.87017861e-02 -3.99358759e-02 -4.08679288e-02 -4.14705285e-02 -4.17225732e-02 -4.16100889e-02 -4.11268588e-02 -4.02748530e-02 -3.90644495e-02 -3.75144362e-02 -3.56517862e-02 -3.35111927e-02 -3.11343489e-02 -2.85689597e-02 -2.58674767e-02 -2.30855603e-02 -2.02802970e-02 -1.75082245e-02 -1.48232515e-02 -1.22745877e-02 -9.90482356e-03 -7.74830694e-03 -5.82995512e-03 -4.16461218e-03 -2.75701365e-03 -1.60236208e-03 -6.87454830e-04 7.75046622e-06 5.08287767e-04 8.42226033e-04 1.03877470e-03 1.12659721e-03 1.13243909e-03 1.08013010e-03 9.89973329e-04 8.78494138e-04 7.58492469e-04 6.39325667e-04 5.27343820e-04 4.26404578e-04 3.38405761e-04 2.63788943e-04 2.01982751e-04 1.51768822e-04 1.11565035e-04 7.96291722e-05 5.41917200e-05 3.35295215e-05 1.59930585e-05 0.00000000e+00
 0.00000000e+00 -1.85889899e-07 -4.06106229e-07 -7.00007026e-07 -1.11753134e-06 -1.72580828e-06 -2.61741398e-06 -3.92092924e-06 -5.81452818e-06 -8.54340806e-06 -1.24419423e-05 -1.79614843e-05 -2.57047518e-05 -3.64676522e-05 -5.12892479e-05 -7.15102744e-05 -9.88401893e-05 -1.35432127e-04 -1.83964342e-04 -2.47725760e-04 -3.30702119e-04 -4.37657933e-04 -5.74208200e-04 -7.46872534e-04 -9.63103288e-04 -1.23127845e-03 -1.56064980e-03 -1.96123700e-03 -2.44365950e-03 -3.01889979e-03 -3.69799444e-03 -4.49165297e-03 -5.40980888e-03 -6.46111229e-03 -7.65237868e-03 -8.98801354e-03 -1.04694375e-02 -1.20945406e-02 -1.38571958e-02 -1.57468659e-02 -1.77483319e-02 -1.98415745e-02 -2.20018290e-02 -2.41998307e-02 -2.64022588e-02 -2.85723745e-02 -3.06708409e-02 -3.26567011e-02 -3.44884809e-02 -3.61253757e-02 -3.75284760e-02 -3.86619845e-02 -3.94943786e-02 -3.99994774e-02 -4.01573787e-02 -3.99552397e-02 -3.93878831e-02 -3.84582159e-02 -3.71774515e-02 -3.55651258e-02 -3.36488965e-02 -3.14641058e-02 -2.90530902e-02 -2.64642130e-02 -2.37506076e-02 -2.09686303e-02 -1.81760453e-02 -1.54299975e-02 -1.27848599e-02 -1.02900802e-02 -7.98817426e-03 -5.91302588e-03 -4.08864370e-03 -2.52849578e-03 -1.23549131e-03 -2.02615837e-04 5.85842077e-04 1.15259610e-03 1.52536747e-03 1.73478018e-03 1.81233212e-03 1.78860098e-03 1.69180029e-03 1.54674886e-03 1.37426511e-03 1.19095377e-03 1.00932030e-03 8.38130625e-04 6.82928990e-04 5.46632812e-04 4.30136876e-04 3.32876069e-04 2.53313556e-04 1.89337198e-04 1.38559888e-04 9.85288108e-05 6.68545102e-05 4.12736658e-05 1.96603373e-05 0.00000000e+00
 0.00000000e+00 -1.84772086e-07 -4.03551672e-07 -6.95312497e-07 -1.10946923e-06 -1.71239234e-06 -2.59553979e-06 -3.88584451e-06 -5.75907110e-06 -8.45693171e-06 -1.23088186e-05 -1.77590526e-05 -2.54005440e-05 -3.60156905e-05 -5.06251718e-05 -7.05450146e-05 -9.74518690e-05 -1.33455839e-04 -1.81179433e-04 -2.43840242e-04 -3.25333852e-04 -4.30312271e-04 -5.64251864e-04 -7.33503608e-04 -9.45317396e-04 -1.20783138e-03 -1.53001709e-03 -1.92157135e-03 -2.39274708e-03 -2.95411700e-03 -3.61626691e-03 -4.38941902e-03 -5.28298985e-03 -6.30509237e-03 -7.46199717e-03 -8.75757229e-03 -1.01927263e-02 -1.17648828e-02 -1.34675167e-02 -1.52897842e-02 -1.72162757e-02 -1.92269206e-02 -2.12970631e-02 -2.33977264e-02 -2.54960684e-02 -2.75560262e-02 -2.95391344e-02 -3.14054919e-02 -3.31148439e-02 -3.46277398e-02 -3.59067205e-02 -3.69174922e-02 -3.76300432e-02 -3.80196650e-02 -3.80678501e-02 -3.77630413e-02 -3.71012187e-02 -3.60863135e-02 -3.47304384e-02 -3.30539252e-02 -3.10851512e-02 -2.88601349e-02 -2.64218715e-02 -2.38193830e-02 -2.11064621e-02 -1.83401040e-02 -1.55786506e-02 -1.28796990e-02 -1.02978711e-02 -7.88257249e-03 -5.67590204e-03 -3.71088111e-03 -2.01016721e-03 -5.85381135e-04 5.62875701e-04 1.44430673e-03 2.07757516e-03 2.48846216e-03 2.70771092e-03 2.76876316e-03 2.70558992e-03 2.55078897e-03 2.33407244e-03 2.08121109e-03 1.81344437e-03 1.54731717e-03 1.29486927e-03 1.06408451e-03 8.59502431e-04 6.82902797e-04 5.33988731e-04 4.11013913e-04 3.11318886e-04 2.31759378e-04 1.69023716e-04 1.19846487e-04 8.11318443e-05 5.00027853e-05 2.37933644e-05 0.00000000e+00
 0.00000000e+00 -1.81872827e-07 -3.97109095e-07 -6.83925987e-07 -1.09074245e-06 -1.68253815e-06 -2.54878274e-06 -3.81355483e-06 -5.64854004e-06 -8.28967057e-06 -1.20582310e-05 -1.73872920e-05 -2.48543271e-05 -3.52207918e-05 -4.94792789e-05 -6.89085799e-05 -9.51365545e-05 -1.30210124e-04 -1.76670944e-04 -2.37634383e-04 -3.16868353e-04 -4.18867363e-04 -5.48915933e-04 -7.13134346e-04 -9.18498721e-04 -1.17282670e-03 -1.48471981e-03 -1.86345391e-03 -2.31881025e-03 -2.86084151e-03 -3.49956997e-03 -4.24461851e-03 -5.10477934e-03 -6.08753025e-03 -7.19851314e-03 -8.44099431e-03 -9.81533090e-03 -1.13184708e-02 -1.29435159e-02 -1.46793793e-02 -1.65105652e-02 -1.84170975e-02 -2.03746160e-02 -2.23546558e-02 -2.43251107e-02 -2.62508765e-02 -2.80946590e-02 -2.98179201e-02 -3.13819284e-02 -3.27488773e-02 -3.38830258e-02 -3.47518213e-02 -3.53269651e-02 -3.55853878e-02 -3.55101080e-02 -3.50909555e-02 -3.43251468e-02 -3.32177017e-02 -3.17816917e-02 -3.00383041e-02 -2.80167028e-02 -2.57536537e-02 -2.32928850e-02 -2.06841449e-02 -1.79819338e-02 -1.52439028e-02 -1.25289406e-02 -9.89500713e-03 -7.39681424e-03 -5.08349396e-03 -2.99642414e-03 -1.16739539e-03 3.82706613e-04 1.64456415e-03 2.62035478e-03 3.32293634e-03 3.77436294e-03 4.00387756e-03 4.04557984e-03 3.93599322e-03 3.71174977e-03 3.40757817e-03 3.05472685e-03 2.67989054e-03 2.30464642e-03 1.94535284e-03 1.61342626e-03 1.31589185e-03 1.05609976e-03 8.34508189e-04 6.49452660e-04 4.97842596e-04 3.75748842e-04 2.78865285e-04 2.02843334e-04 1.43508925e-04 9.69781765e-05 5.96907590e-05 2.83803045e-05 0.00000000e+00
 0.00000000e+00 -1.77272074e-07 -3.86956402e-07 -6.66162514e-07 -1.06187022e-06 -1.63707523e-06 -2.47844475e-06 -3.70607697e-06 -5.48602416e-06 -8.04630713e-06 -1.16972056e-05 -1.68566417e-05 -2.40814607e-05 -3.41053392e-05 -4.78838794e-05 -6.66471744e-05 -9.19597064e-05 -1.25786873e-04 -1.70566698e-04 -2.29284384e-04 -3.05546338e-04 -4.03649152e-04 -5.28637870e-04 -6.86346765e-04 -8.83414907e-04 -1.12726820e-03 -1.42605936e-03 -1.78855771e-03 -2.22398179e-03 -2.74176965e-03 -3.35128432e-03 -4.06145559e-03 -4.88036319e-03 -5.81477123e-03 -6.86962850e-03 -8.04755393e-03 -9.34833078e-03 -1.07684362e-02 -1.23006353e-02 -1.39336677e-02 -1.56520559e-02 -1.74360570e-02 -1.92617788e-02 -2.11014686e-02 -2.29239798e-02 -2.46954067e-02 -2.63798732e-02 -2.79404489e-02 -2.93401598e-02 -3.05430578e-02 -3.15153077e-02 -3.22262553e-02 -3.26494408e-02 -3.27635288e-02 -3.25531347e-02 -3.20095292e-02 -3.11312118e-02 -2.99243404e-02 -2.84030066e-02 -2.65893333e-02 -2.45133709e-02 -2.22127523e-02 -1.97320679e-02 -1.71219209e-02 -1.44376315e-02 -1.17375849e-02 -9.08124473e-03 -6.52689617e-03 -4.12922907e-03 -1.93691013e-03 9.67264120e-06 1.68029749e-03 3.05624383e-03 4.13092733e-03 4.90975114e-03 5.40916896e-03 5.65504165e-03 5.68044631e-03 5.52315388e-03 5.22301721e-03 4.81950534e-03 4.34958213e-03 3.84606899e-03 3.33656130e-03 2.84290052e-03 2.38114597e-03 1.96195070e-03 1.59122433e-03 1.27096354e-03 1.00014180e-03 7.75570829e-04 5.92670982e-04 4.46112645e-04 3.30312337e-04 2.39784256e-04 1.69359659e-04 1.14293250e-04 7.02785055e-05 3.33938671e-05 0.00000000e+00
 0.00000000e+00 -1.71097984e-07 -3.73376442e-07 -6.42517069e-07 -1.02365728e-06 -1.57727108e-06 -2.38648734e-06 -3.56640897e-06 -5.27605802e-06 -7.73363370e-06 -1.12358220e-05 -1.61819218e-05 -2.31035383e-05 -3.27005117e-05 -4.58835901e-05 -6.38240760e-05 -8.80102751e-05 -1.20310025e-04 -1.63037871e-04 -2.19024606e-04 -2.91685897e-04 -3.85085648e-04 -5.03988662e-04 -6.53896103e-04 -8.41056445e-04 -1.07244398e-03 -1.35569685e-03 -1.69900710e-03 -2.11095607e-03 -2.60029069e-03 -3.17563861e-03 -3.84516345e-03 -4.61616560e-03 -5.49463843e-03 -6.48479407e-03 -7.58857777e-03 -8.80519347e-03 -1.01306662e-02 -1.15574689e-02 -1.30742405e-02 -1.46656219e-02 -1.63122309e-02 -1.79907932e-02 -1.96744380e-02 -2.13331603e-02 -2.29344411e-02 -2.44440079e-02 -2.58267135e-02 -2.70474989e-02 -2.80724079e-02 -2.88696176e-02 -2.94104497e-02 -2.96703340e-02 -2.96296998e-02 -2.92747770e-02 -2.85982929e-02 -2.76000546e-02 -2.62874034e-02 -2.46755231e-02 -2.27875782e-02 -2.06546432e-02 -1.83153819e-02 -1.58154270e-02 -1.32064158e-02 -1.05446495e-02 -7.88937053e-03 -5.30068443e-03 -2.83719905e-03 -5.53499805e-04 1.50237662e-03 3.29127506e-03 4.78485383e-03 5.96692113e-03 6.83402309e-03 7.39519779e-03 7.67089555e-03 7.69115698e-03 7.49322287e-03 7.11880969e-03 6.61131168e-03 6.01318187e-03 5.36370304e-03 4.69729499e-03 4.04242853e-03 3.42114264e-03 2.84909934e-03 2.33606813e-03 1.88671024e-03 1.50153116e-03 1.17788333e-03 9.10924763e-04 6.94466529e-04 5.21670030e-04 3.85578427e-04 2.79485155e-04 1.97154854e-04 1.32919120e-04 8.16720811e-05 3.87903809e-05 0.00000000e+00
 0.00000000e+00 -1.63520941e-07 -3.56743827e-07 -6.13641538e-07 -9.77156384e-07 -1.50477208e-06 -2.27544015e-06 -3.39839024e-06 -5.02440976e-06 -7.36023508e-06 -1.06867414e-05 -1.53816408e-05 -2.19473764e-05 -3.10448235e-05 -4.35332425e-05 -6.05166679e-05 -8.33965242e-05 -1.13929738e-04 -1.54290937e-04 -2.07136525e-04 -2.75667476e-04 -3.63686697e-04 -4.75645776e-04 -6.16674978e-04 -7.92589561e-04 -1.00986501e-03 -1.27557370e-03 -1.59727592e-03 -1.98285943e-03 -2.44032331e-03 -2.97750471e-03 -3.60174995e-03 -4.31953565e-03 -5.13604945e-03 -6.05474430e-03 -7.07688446e-03 -8.20110496e-03 -9.42300879e-03 -1.07348276e-02 -1.21251716e-02 -1.35788919e-02 -1.50770765e-02 -1.65971919e-02 -1.81133816e-02 -1.95969169e-02 -2.10167956e-02 -2.23404690e-02 -2.35346748e-02 -2.45663486e-02 -2.54035800e-02 -2.60165856e-02 -2.63786666e-02 -2.64671279e-02 -2.62641394e-02 -2.57575227e-02 -2.49414528e-02 -2.38170605e-02 -2.23929214e-02 -2.06854052e-02 -1.87188531e-02 -1.65255391e-02 -1.41453625e-02 -1.16252172e-02 -9.01798967e-03 -6.38115284e-03 -3.77495219e-03 -1.26021913e-03 1.10410704e-03 3.26361819e-03 5.17106200e-03 6.78874508e-03 8.09049618e-03 9.06298658e-03 9.70625090e-03 1.00333231e-02 1.00689948e-02 9.84779798e-03 9.41140343e-03 8.80568632e-03 8.07773869e-03 7.27309802e-03 6.43341438e-03 5.59470872e-03 4.78629209e-03 4.03033643e-03 3.34202074e-03 2.73013191e-03 2.19797692e-03 1.74446293e-03 1.36521728e-03 1.05364618e-03 8.01861354e-04 6.01434230e-04 4.43963027e-04 3.21457933e-04 2.26562878e-04 1.52639602e-04 9.37422082e-05 4.45095311e-05 0.00000000e+00
 0.00000000e+00 -1.54745680e-07 -3.37507613e-07 -5.80314583e-07 -9.23619693e-07 -1.42152746e-06 -2.14828431e-06 -3.20652467e-06 -4.73781561e-06 -6.93609348e-06 -1.00646253e-05 -1.44771439e-05 -2.06437825e-05 -2.91823542e-05 -4.08953634e-05 -5.68128818e-05 -7.82410526e-05 -1.06815484e-04 -1.44558165e-04 -1.93935768e-04 -2.57916341e-04 -3.40020444e-04 -4.44361855e-04 -5.75672069e-04 -7.39302146e-04 -9.41195000e-04 -1.18782122e-03 -1.48607203e-03 -1.84310396e-03 -2.26613179e-03 -2.76216847e-03 -3.33771407e-03 -3.99839922e-03 -4.74859247e-03 -5.59098509e-03 -6.52617055e-03 -7.55223918e-03 -8.66441087e-03 -9.85472979e-03 -1.11118447e-02 -1.24208962e-02 -1.37635294e-02 -1.51180438e-02 -1.64596868e-02 -1.77610898e-02 -1.89928382e-02 -2.01241588e-02 -2.11237046e-02 -2.19604100e-02 -2.26043899e-02 -2.30278574e-02 -2.32060335e-02 -2.31180312e-02 -2.27476970e-02 -2.20843969e-02 -2.11237343e-02 -1.98681852e-02 -1.83276279e-02 -1.65197373e-02 -1.44702000e-02 -1.22126979e-02 -9.78860106e-03 -7.24630842e-03 -4.64018687e-03 -2.02907809e-03 5.25625506e-04 2.96229165e-03 5.22165325e-03 7.24956426e-03 8.99971829e-03 1.04361109e-02 1.15350176e-02 1.22862787e-02 1.26937315e-02 1.27747090e-02 1.25586185e-02 1.20847171e-02 1.13992903e-02 1.05525047e-02 9.59523286e-03 8.57613375e-03 7.53922355e-03 6.52209286e-03 5.55483959e-03 4.65970084e-03 3.85129696e-03 3.13735383e-03 2.51974699e-03 1.99571181e-03 1.55908240e-03 1.20145131e-03 9.13175495e-04 6.84187368e-04 5.04597089e-04 3.65093886e-04 2.57168008e-04 1.73182387e-04 1.06325400e-04 5.04748383e-05 0.00000000e+00
 0.00000000e+00 -1.45002007e-07 -3.16170965e-07 -5.43406430e-07 -8.64442242e-07 -1.32970154e-06 -2.00831831e-06 -2.99577834e-06 -4.42367775e-06 -6.47214165e-06 -9.38547889e-06 -1.34916601e-05 -1.92261799e-05 -2.71607839e-05 -3.80373890e-05 -5.28072829e-05 -7.26753382e-05 -9.91485086e-05 -1.34087284e-04 -1.79758067e-04 -2.38883643e-04 -3.14688033e-04 -4.10931164e-04 -5.31928019e-04 -6.82546249e-04 -8.68175949e-04 -1.09466525e-03 -1.36821592e-03 -1.69523423e-03 -2.08213402e-03 -2.53509123e-03 -3.05975196e-03 -3.66089962e-03 -4.34209033e-03 -5.10526928e-03 -5.95038437e-03 -6.87501643e-03 -7.87404698e-03 -8.93938574e-03 -1.00597793e-02 -1.12207203e-02 -1.24044732e-02 -1.35902269e-02 -1.47543796e-02 -1.58709541e-02 -1.69121348e-02 -1.78489121e-02 -1.86518166e-02 -1.92917190e-02 -1.97406749e-02 -1.99727930e-02 -1.99651067e-02 -1.96984334e-02 -1.91582102e-02 -1.83352915e-02 -1.72266960e-02 -1.58362822e-02 -1.41753257e-02 -1.22629558e-02 -1.01264023e-02 -7.80098922e-03 -5.32980947e-03 -2.76301629e-03 -1.56681680e-04 2.42880512e-03 4.93078915e-03 7.28679671e-03 9.43727227e-03 1.13284486e-02 1.29151497e-02 1.41632960e-02 1.50518779e-02 1.55741821e-02 1.57381154e-02 1.55655459e-02 1.50906895e-02 1.43576695e-02 1.34174733e-02 1.23245958e-02 1.11336832e-02 9.89647564e-03 8.65929217e-03 7.46121735e-03 6.33305658e-03 5.29703584e-03 4.36714812e-03 3.54999958e-03 2.84598610e-03 2.25063305e-03 1.75595172e-03 1.35169825e-03 1.02645730e-03 7.68508319e-04 5.66461868e-04 4.09676134e-04 2.88478412e-04 1.94223963e-04 1.19226759e-04 5.65949207e-05 0.00000000e+00
 0.00000000e+00 -1.34534711e-07 -2.93269105e-07 -5.03840812e-07 -8.01101083e-07 -1.23157950e-06 -1.85901487e-06 -2.77136459e-06 -4.08974481e-06 -5.97979193e-06 -8.66596389e-06 -1.24493060e-05 -1.77291774e-05 -2.50293552e-05 -3.50287881e-05 -4.85970406e-05 -6.68341428e-05 -9.11141239e-05 -1.23130959e-04 -1.64945009e-04 -2.19027286e-04 -2.88298114e-04 -3.76155930e-04 -4.86491313e-04 -6.23680742e-04 -7.92554302e-04 -9.98331628e-04 -1.24652088e-03 -1.54277655e-03 -1.89271358e-03 -2.30167728e-03 -2.77447146e-03 -3.31504999e-03 -3.92618072e-03 -4.60909358e-03 -5.36312823e-03 -6.18539889e-03 -7.07049577e-03 -8.01024315e-03 -8.99353355e-03 -1.00062550e-02 -1.10313260e-02 -1.20488460e-02 -1.30363677e-02 -1.39692867e-02 -1.48213429e-02 -1.55652208e-02 -1.61732328e-02 -1.66180679e-02 -1.68735880e-02 -1.69156555e-02 -1.67229777e-02 -1.62779553e-02 -1.55675248e-02 -1.45839813e-02 -1.33257632e-02 -1.17981759e-02 -1.00140152e-02 -7.99404271e-03 -5.76725160e-03 -3.37085378e-03 -8.49915773e-04 1.74342157e-03 4.35118764e-03 6.91131067e-03 9.35981057e-03 1.16333889e-02 1.36722965e-02 1.54233098e-02 1.68426016e-02 1.78982697e-02 1.85722810e-02 1.88616173e-02 1.87784675e-02 1.83493972e-02 1.76135320e-02 1.66198987e-02 1.54241650e-02 1.40850825e-02 1.26609634e-02 1.12065009e-02 9.77018281e-03 8.39245999e-03 7.10473409e-03 5.92913081e-03 4.87895110e-03 3.95964060e-03 3.17009586e-03 2.50412967e-03 1.95194036e-03 1.50146557e-03 1.13953968e-03 8.52812272e-04 6.28416231e-04 4.54398068e-04 3.19938279e-04 2.15397283e-04 1.32224438e-04 6.27655344e-05 0.00000000e+00
 0.00000000e+00 -1.23593303e-07 -2.69346916e-07 -4.62556417e-07 -7.35093843e-07 -1.12947272e-06 -1.70387758e-06 -2.53852958e-06 -3.74379420e-06 -5.47047008e-06 -7.92271987e-06 -1.13741066e-05 -1.61871684e-05 -2.28368865e-05 -3.19382657e-05 -4.42780272e-05 -6.08501140e-05 -8.28943030e-05 -1.11936717e-04 -1.49830435e-04 -1.98793720e-04 -2.61442688e-04 -3.40814531e-04 -4.40376776e-04 -5.64017593e-04 -7.16011938e-04 -9.00958398e-04 -1.12368211e-03 -1.38910012e-03 -1.70204708e-03 -2.06706111e-03 -2.48813220e-03 -2.96841834e-03 -3.50993767e-03 -4.11324769e-03 -4.77712567e-03 -5.49826643e-03 -6.27101502e-03 -7.08715244e-03 -7.93575158e-03 -8.80311885e-03 -9.67283354e-03 -1.05258931e-02 -1.13409677e-02 -1.20947627e-02 -1.27624832e-02 -1.33183901e-02 -1.37364368e-02 -1.39909719e-02 -1.40574962e-02 -1.39134606e-02 -1.35390965e-02 -1.29182665e-02 -1.20393275e-02 -1.08959878e-02 -9.48813877e-03 -7.82262651e-03 -5.91391860e-03 -3.78460717e-03 -1.46567847e-03 1.00352748e-03 3.57574226e-03 6.19664401e-03 8.80622533e-03 1.13406643e-02 1.37346677e-02 1.59242041e-02 1.78494960e-02 1.94580856e-02 2.07077537e-02 2.15690453e-02 2.20271585e-02 2.20829846e-02 2.17531489e-02 2.10689951e-02 2.00745601e-02 1.88237005e-02 1.73766255e-02 1.57961568e-02 1.41440586e-02 1.24777555e-02 1.08476938e-02 9.29550745e-03 7.85304771e-03 6.54223512e-03 5.37561568e-03 4.35744997e-03 3.48514289e-03 2.75082683e-03 2.14293617e-03 1.64764852e-03 1.25010987e-03 9.35400445e-04 6.89231426e-04 4.98387177e-04 3.50943727e-04 2.36301943e-04 1.45075635e-04 6.88723429e-05 0.00000000e+00
 0.00000000e+00 -1.12422171e-07 -2.44937493e-07 -4.20470080e-07 -6.67880269e-07 -1.02562894e-06 -1.54630547e-06 -2.30235052e-06 -3.39333458e-06 -4.95518023e-06 -7.17173368e-06 -1.02890893e-05 -1.46330392e-05 -2.06299457e-05 -2.88312037e-05 -3.99412607e-05 -5.48488818e-05 -7.46609780e-05 -1.00737860e-04 -1.34728235e-04 -1.78601671e-04 -2.34675600e-04 -3.05633325e-04 -3.94528939e-04 -5.04774651e-04 -6.40105847e-04 -8.04519316e-04 -1.00218058e-03 -1.23729719e-03 -1.51395624e-03 -1.83592620e-03 -2.20642548e-03 -2.62786253e-03 -3.10155524e-03 -3.62743990e-03 -4.20378243e-03 -4.82690650e-03 -5.49095445e-03 -6.18769704e-03 -6.90640733e-03 -7.63381241e-03 -8.35413351e-03 -9.04922201e-03 -9.69879448e-03 -1.02807664e-02 -1.07716801e-02 -1.11472208e-02 -1.13828114e-02 -1.14542783e-02 -1.13385786e-02 -1.10145821e-02 -1.04639004e-02 -9.67175335e-03 -8.62786329e-03 -7.32735567e-03 -5.77163917e-03 -3.96922357e-03 -1.93642059e-03 3.02140193e-04 2.71325787e-03 5.25525037e-03 7.87846446e-03 1.05262670e-02 1.31365529e-02 1.56437696e-02 1.79814127e-02 2.00848974e-02 2.18946594e-02 2.33592900e-02 2.44384763e-02 2.51054944e-02 2.53490153e-02 2.51740134e-02 2.46016389e-02 2.36680061e-02 2.24219602e-02 2.09219982e-02 1.92326131e-02 1.74203940e-02 1.55502351e-02 1.36819773e-02 1.18677399e-02 1.01501006e-02 8.56117802e-03 7.12256619e-03 5.84599393e-03 4.73452702e-03 3.78411200e-03 2.98526626e-03 2.32474668e-03 1.78706841e-03 1.35578944e-03 1.01451765e-03 7.47631794e-04 5.40733255e-04 3.80861833e-04 2.56516510e-04 1.57523918e-04 7.47943167e-05 0.00000000e+00
 0.00000000e+00 -1.01251702e-07 -2.20542843e-07 -3.78443745e-07 -6.00829926e-07 -9.22152316e-07 -1.38947283e-06 -2.06755744e-06 -3.04534396e-06 -4.44412372e-06 -6.42778939e-06 -9.21549629e-06 -1.30970521e-05 -1.84512787e-05 -2.57674682e-05 -3.56698711e-05 -4.89448976e-05 -6.65703797e-05 -8.97458282e-05 -1.19922131e-04 -1.58828605e-04 -2.08494742e-04 -2.71263442e-04 -3.49792064e-04 -4.47037246e-04 -5.66219342e-04 -7.10762443e-04 -8.84206419e-04 -1.09008830e-03 -1.33179160e-03 -1.61236376e-03 -1.93430419e-03 -2.29932731e-03 -2.70810766e-03 -3.16001651e-03 -3.65286132e-03 -4.18264117e-03 -4.74333234e-03 -5.32671818e-03 -5.92227701e-03 -6.51713997e-03 -7.09612858e-03 -7.64187880e-03 -8.13505543e-03 -8.55465742e-03 -8.87841244e-03 -9.08325709e-03 -9.14589835e-03 -9.04345170e-03 -8.75415144e-03 -8.25812903e-03 -7.53825373e-03 -6.58102696e-03 -5.37751543e-03 -3.92429936e-03 -2.22439972e-03 -2.88134647e-04 1.86615923e-03 4.21161664e-03 6.71262844e-03 9.32500497e-03 1.19965929e-02 1.46684013e-02 1.72762617e-02 1.97530111e-02 2.20311355e-02 2.40457668e-02 2.57378723e-02 2.70574322e-02 2.79663692e-02 2.84409794e-02 2.84736249e-02 2.80734876e-02 2.72662570e-02 2.60927173e-02 2.46063117e-02 2.28698734e-02 2.09518042e-02 1.89220458e-02 1.68481981e-02 1.47921159e-02 1.28072351e-02 1.09367863e-02 9.21294021e-03 7.65682839e-03 6.27930100e-03 5.08223320e-03 4.06017024e-03 3.20211057e-03 2.49325471e-03 1.91658924e-03 1.45422046e-03 1.08841492e-03 8.02339458e-04 5.80519678e-04 4.09051958e-04 2.75612446e-04 1.69307559e-04 8.04076255e-05 0.00000000e+00
 0.00000000e+00 -9.02907962e-08 -1.96617646e-07 -3.37256767e-07 -5.35178551e-07 -8.20936918e-07 -1.23622993e-06 -1.83838662e-06 -2.70605569e-06 -3.94638921e-06 -5.70402359e-06 -8.17215229e-06 -1.16059526e-05 -1.63385609e-05 -2.27996783e-05 -3.15367201e-05 -4.32381890e-05 -5.87586529e-05 -7.91443343e-05 -1.05657888e-04 -1.39800467e-04 -1.83328667e-04 -2.38263484e-04 -3.06887972e-04 -3.91730039e-04 -4.95526667e-04 -6.21166035e-04 -7.71604441e-04 -9.49755717e-04 -1.15835199e-03 -1.39977618e-03 -1.67586834e-03 -1.98771014e-03 -2.33539371e-03 -2.71778335e-03 -3.13228019e-03 -3.57460146e-03 -4.03858700e-03 -4.51604533e-03 -4.99665170e-03 -5.46790876e-03 -5.91517882e-03 -6.32179470e-03 -6.66925346e-03 -6.93749564e-03 -7.10527065e-03 -7.15058836e-03 -7.05125596e-03 -6.78549974e-03 -6.33267048e-03 -5.67403064e-03 -4.79361815e-03 -3.67917651e-03 -2.32313241e-03 -7.23590680e-04 1.11469738e-03 3.17945132e-03 5.45013699e-03 7.89748351e-03 1.04833293e-02 1.31608813e-02 1.58754578e-02 1.85657633e-02 2.11657077e-02 2.36067442e-02 2.58206516e-02 2.77426360e-02 2.93145825e-02 3.04882438e-02 3.12281266e-02 3.15138261e-02 3.13415775e-02 3.07248339e-02 2.96937577e-02 2.82936057e-02 2.65821020e-02 2.46260002e-02 2.24971276e-02 2.02682603e-02 1.80091890e-02 1.57833020e-02 1.36449352e-02 1.16376376e-02 9.79339055e-03 8.13271553e-03 6.66552513e-03 5.39252145e-03 4.30692744e-03 3.39634628e-03 2.64457431e-03 2.03323571e-03 1.54315335e-03 1.15541386e-03 8.52120764e-04 6.16856221e-04 4.34888329e-04 2.93168994e-04 1.80168515e-04 8.55898498e-05 0.00000000e+00
 0.00000000e+00 -7.97210946e-08 -1.73556758e-07 -2.97584697e-07 -4.71994805e-07 -7.23616457e-07 -1.08902840e-06 -1.61847133e-06 -2.38079998e-06 -3.46972519e-06 -5.01160161e-06 -7.17500759e-06 -1.01823311e-05 -1.43235124e-05 -1.99719907e-05 -2.76027471e-05 -3.78121302e-05 -5.13388768e-05 -6.90854132e-05 -9.21381372e-05 -1.21784961e-04 -1.59527958e-04 -2.07088534e-04 -2.66402201e-04 -3.39599767e-04 -4.28971706e-04 -5.36912590e-04 -6.65842893e-04 -8.18106198e-04 -9.95840857e-04 -1.20082651e-03 -1.43430744e-03 -1.69679659e-03 -1.98786578e-03 -2.30592966e-03 -2.64803234e-03 -3.00964697e-03 -3.38449927e-03 -3.76442624e-03 -4.13928093e-03 -4.49689317e-03 -4.82309500e-03 -5.10181788e-03 -5.31526749e-03 -5.44418038e-03 -5.46816624e-03 -5.36613869e-03 -5.11683768e-03 -4.69944600e-03 -4.09430142e-03 -3.28370341e-03 -2.25280880e-03 -9.90602806e-04 5.09078370e-04 2.24651077e-03 4.21508403e-03 6.40040822e-03 8.77960633e-03 1.13208806e-02 1.39834424e-02 1.67178871e-02 1.94670781e-02 2.21675784e-02 2.47516287e-02 2.71496318e-02 2.92930545e-02 3.11176102e-02 3.25665409e-02 3.35937829e-02 3.41667742e-02 3.42686622e-02 3.38996867e-02 3.30775644e-02 3.18367768e-02 3.02267581e-02 2.83090935e-02 2.61539394e-02 2.38359671e-02 2.14301817e-02 1.90079732e-02 1.66337220e-02 1.43622001e-02 1.22369084e-02 1.02893793e-02 8.53937116e-03 6.99580518e-03 5.65824148e-03 4.51867951e-03 3.56347497e-03 2.77519871e-03 2.13430608e-03 1.62053178e-03 1.21396961e-03 8.95832078e-04 6.48911766e-04 4.57782777e-04 3.08788302e-04 1.89861617e-04 9.02243159e-05 0.00000000e+00
 0.00000000e+00 -6.96930682e-08 -1.51686807e-07 -2.59985114e-07 -4.12158288e-07 -6.31531413e-07 -9.49873062e-07 -1.41077222e-06 -2.07390460e-06 -3.02039947e-06 -4.35952087e-06 -6.23686548e-06 -8.84424860e-06 -1.24313899e-05 -1.73194165e-05 -2.39160607e-05 -3.27322464e-05 -4.43995116e-05 -5.96874293e-05 -7.95198462e-05 -1.04988391e-04 -1.37361323e-04 -1.78085426e-04 -2.28778360e-04 -2.91208652e-04 -3.67260480e-04 -4.58880530e-04 -5.68004564e-04 -6.96462002e-04 -8.45857719e-04 -1.01743143e-03 -1.21189642e-03 -1.42926104e-03 -1.66863773e-03 -1.92804629e-03 -2.20421912e-03 -2.49241758e-03 -2.78626912e-03 -3.07763525e-03 -3.35652031e-03 -3.61103041e-03 -3.82739134e-03 -3.99003318e-03 -4.08174886e-03 -4.08393317e-03 -3.97690862e-03 -3.74034424e-03 -3.35377341e-03 -2.79721567e-03 -2.05190553e-03 -1.10112715e-03 6.88529178e-05 1.46777251e-03 3.10031017e-03 4.96501578e-03 7.05329600e-03 9.34852939e-03 1.18253972e-02 1.44495210e-02 1.71774967e-02 1.99574004e-02 2.27298241e-02 2.54294646e-02 2.79872535e-02 3.03329730e-02 3.23982531e-02 3.41198044e-02 3.54426971e-02 3.63234672e-02 3.67328117e-02 3.66576381e-02 3.61022569e-02 3.50885605e-02 3.36551044e-02 3.18551099e-02 2.97535080e-02 2.74232503e-02 2.49411903e-02 2.23838868e-02 1.98236813e-02 1.73253616e-02 1.49436418e-02 1.27215903e-02 1.06900229e-02 8.86778375e-03 7.26275680e-03 5.87340528e-03 4.69062169e-03 3.69968221e-03 2.88213242e-03 2.21747406e-03 1.68457016e-03 1.26272885e-03 9.32462582e-04 6.75945235e-04 4.77206491e-04 3.22110049e-04 1.98163535e-04 9.42043429e-05 0.00000000e+00
 0.00000000e+00 -6.03240077e-08 -1.31261913e-07 -2.24890564e-07 -3.56348872e-07 -5.45713581e-07 -8.20300125e-07 -1.21754717e-06 -1.78865363e-06 -2.60314407e-06 -3.75453825e-06 -5.36728853e-06 -7.60511843e-06 -1.06808409e-05 -1.48676481e-05 -2.05117416e-05 -2.80460031e-05 -3.80041939e-05 -5.10349161e-05 -6.79142678e-05 -8.95558047e-05 -1.17016089e-04 -1.51493791e-04 -1.94320042e-04 -2.46937580e-04 -3.10866154e-04 -3.87651813e-04 -4.78798007e-04 -5.85677007e-04 -7.09420931e-04 -8.50792684e-04 -1.01003836e-03 -1.18672394e-03 -1.37956066e-03 -1.58622452e-03 -1.80317711e-03 -2.02549539e-03 -2.24671934e-03 -2.45872650e-03 -2.65164274e-03 -2.81379849e-03 -2.93173944e-03 -2.99030057e-03 -2.97275235e-03 -2.86102765e-03 -2.63603858e-03 -2.27809193e-03 -1.76741162e-03 -1.08477489e-03 -2.12265430e-04 8.65858738e-04 2.16219392e-03 3.68513826e-03 5.43779493e-03 7.41688312e-03 9.61172468e-03 1.20033876e-02 1.45640764e-02 1.72568609e-02 2.00358299e-02 2.28467405e-02 2.56282064e-02 2.83134405e-02 3.08325229e-02 3.31151248e-02 3.50935734e-02 3.67061013e-02 3.79000861e-02 3.86350621e-02 3.88852706e-02 3.86415252e-02 3.79121965e-02 3.67231762e-02 3.51167583e-02 3.31494703e-02 3.08889909e-02 2.84103855e-02 2.57919665e-02 2.31111236e-02 2.04404674e-02 1.78445858e-02 1.53776298e-02 1.30818474e-02 1.09870745e-02 9.11109799e-03 7.46073120e-03 6.03339972e-03 4.81902110e-03 3.80197603e-03 2.96300085e-03 2.28087454e-03 1.73381973e-03 1.30058007e-03 9.61171890e-04 6.97333176e-04 4.92709690e-04 3.32824825e-04 2.04881058e-04 9.74371957e-05 0.00000000e+00
 0.00000000e+00 -5.16978025e-08 -1.12463315e-07 -1.92608186e-07 -3.05046629e-07 -4.66886872e-07 -7.01379839e-07 -1.04035739e-06 -1.52730002e-06 -2.22117832e-06 -3.20121081e-06 -4.57266741e-06 -6.47381922e-06 -9.08408452e-06 -1.26333430e-05 -1.74122791e-05 -2.37834671e-05 -3.21927242e-05 -4.31800287e-05 -5.73890464e-05 -7.55740206e-05 -9.86024954e-05 -1.27452072e-04 -1.63199160e-04 -2.06997557e-04 -2.60044612e-04 -3.23532885e-04 -3.98585463e-04 -4.86173579e-04 -5.87015888e-04 -7.01459596e-04 -8.29344727e-04 -9.69853947e-04 -1.12135162e-03 -1.28121699e-03 -1.44567748e-03 -1.60964925e-03 -1.76659272e-03 -1.90839166e-03 -2.02526483e-03 -2.10571936e-03 -2.13655558e-03 -2.10293338e-03 -1.98851038e-03 -1.77566287e-03 -1.44580085e-03 -9.79787949e-04 -3.58476448e-04 4.36635344e-04 1.42262073e-03 2.61422198e-03 4.02284256e-03 5.65546228e-03 7.51351881e-03 9.59181463e-03 1.18775237e-02 1.43493832e-02 1.69771628e-02 1.97215012e-02 2.25341916e-02 2.53589773e-02 2.81328911e-02 3.07881385e-02 3.32544841e-02 3.54620566e-02 3.73444492e-02 3.88419497e-02 3.99047057e-02 4.04956075e-02 4.05926648e-02 4.01906665e-02 3.93019456e-02 3.79561277e-02 3.61988215e-02 3.40893003e-02 3.16973235e-02 2.90993351e-02 2.63743442e-02 2.35998238e-02 2.08479603e-02 1.81825336e-02 1.56566333e-02 1.33113116e-02 1.11751759e-02 9.26482877e-03 7.58599514e-03 6.13513659e-03 4.90134069e-03 3.86828806e-03 3.01613210e-03 2.32316886e-03 1.76722005e-03 1.32669360e-03 9.81320620e-04 7.12592639e-04 5.03938238e-04 3.40685623e-04 2.09858293e-04 9.98475458e-05 0.00000000e+00
 0.00000000e+00 -4.38663022e-08 -9.54024250e-08 -1.63325203e-07 -2.58541045e-07 -3.95482282e-07 -5.93740390e-07 -8.80105134e-07 -1.29112402e-06 -1.87629889e-06 -2.70203280e-06 -3.85642736e-06 -5.45500272e-06 -7.64736662e-06 -1.06247882e-05 -1.46285333e-05 -1.99586877e-05 -2.69830284e-05 -3.61453063e-05 -4.79720760e-05 -6.30769625e-05 -8.21610035e-05 -1.06007467e-04 -1.35469346e-04 -1.71447596e-04 -2.14858144e-04 -2.66585795e-04 -3.27423371e-04 -3.97994872e-04 -4.78661984e-04 -5.69414036e-04 -6.69742415e-04 -7.78501462e-04 -8.93758948e-04 -1.01264038e-03 -1.13117240e-03 -1.24413169e-03 -1.34490651e-03 -1.42537909e-03 -1.47583761e-03 -1.48492757e-03 -1.43965280e-03 -1.32543745e-03 -1.12626104e-03 -8.24879273e-04 -4.03143782e-04 1.57566696e-04 8.75792856e-04 1.76931199e-03 2.85432481e-03 4.14451981e-03 5.65003502e-03 7.37635094e-03 9.32316453e-03 1.14833093e-02 1.38418009e-02 1.63750959e-02 1.90506559e-02 2.18269045e-02 2.46536496e-02 2.74730244e-02 3.02209673e-02 3.28292286e-02 3.52278494e-02 3.73480178e-02 3.91251695e-02 4.05021638e-02 4.14323394e-02 4.18822385e-02 4.18337862e-02 4.12857290e-02 4.02541738e-02 3.87721264e-02 3.68880072e-02 3.46632082e-02 3.21688531e-02 2.94819965e-02 2.66815663e-02 2.38443717e-02 2.10414925e-02 1.83353136e-02 1.57773892e-02 1.34072271e-02 1.12519829e-02 9.32697002e-03 7.63682546e-03 6.17713440e-03 4.93630951e-03 3.89753357e-03 3.04060750e-03 2.34358688e-03 1.78413355e-03 1.34054944e-03 9.92492464e-04 7.21398241e-04 5.10646395e-04 3.45516859e-04 2.12982420e-04 1.01380270e-04 0.00000000e+00
 0.00000000e+00 -3.68519724e-08 -8.01266987e-08 -1.37119199e-07 -2.16947738e-07 -3.31664278e-07 -4.97608813e-07 -7.37096279e-07 -1.08052828e-06 -1.56902252e-06 -2.25764811e-06 -3.21934150e-06 -4.54955198e-06 -6.37162318e-06 -8.84285401e-06 -1.21610942e-05 -1.65716142e-05 -2.23738439e-05 -2.99274004e-05 -3.96566283e-05 -5.20526578e-05 -6.76717684e-05 -8.71286341e-05 -1.11082850e-04 -1.40217017e-04 -1.75204628e-04 -2.16666042e-04 -2.65111069e-04 -3.20866971e-04 -3.83991237e-04 -4.54169074e-04 -5.30596396e-04 -6.11849938e-04 -6.95747144e-04 -7.79199505e-04 -8.58064066e-04 -9.26998905e-04 -9.79329448e-04 -1.00693350e-03 -1.00015402e-03 -9.47749730e-04 -8.36894852e-04 -6.53240482e-04 -3.81051116e-04 -3.43067066e-06 4.97347549e-04 1.13939352e-03 1.94062496e-03 2.91805766e-03 4.08696297e-03 5.45990442e-03 7.04567788e-03 8.84819511e-03 1.08653658e-02 1.30880487e-02 1.54991533e-02 1.80729821e-02 2.07749024e-02 2.35614296e-02 2.63807870e-02 2.91739840e-02 3.18764215e-02 3.44199985e-02 3.67356549e-02 3.87562456e-02 4.04196073e-02 4.16716447e-02 4.24692467e-02 4.27828252e-02 4.25982788e-02 4.19182013e-02 4.07621953e-02 3.91662123e-02 3.71809141e-02 3.48691359e-02 3.23026192e-02 2.95582521e-02 2.67141120e-02 2.38456196e-02 2.10221003e-02 1.83039954e-02 1.57408918e-02 1.33704426e-02 1.12181620e-02 9.29799693e-03 7.61351648e-03 6.15953022e-03 4.92393780e-03 3.88962834e-03 3.03627932e-03 2.34194443e-03 1.78436178e-03 1.34195197e-03 9.94506846e-04 7.23592663e-04 5.12705118e-04 3.47220514e-04 2.14187728e-04 1.02002451e-04 0.00000000e+00
 0.00000000e+00 -3.06515138e-08 -6.66275790e-08 -1.13971920e-07 -1.80230703e-07 -2.75365501e-07 -4.12864200e-07 -6.11121003e-07 -8.95158721e-07 -1.29876583e-06 -1.86711518e-06 -2.65991792e-06 -3.75514199e-06 -5.25328582e-06 -7.28214116e-06 -1.00019007e-05 -1.36103639e-05 -1.83478664e-05 -2.45014067e-05 -3.24072676e-05 -4.24512430e-05 -5.50653831e-05 -7.07199877e-05 -8.99094135e-05 -1.13130151e-04 -1.40849576e-04 -1.73463829e-04 -2.11243424e-04 -2.54265467e-04 -3.02331784e-04 -3.54872799e-04 -4.10837690e-04 -4.68572166e-04 -5.25686091e-04 -5.78914193e-04 -6.23974177e-04 -6.55427648e-04 -6.66550507e-04 -6.49220705e-04 -5.93832633e-04 -4.89248842e-04 -3.22801270e-04 -8.03555729e-05 2.53546645e-04 6.95452239e-04 1.26265232e-03 1.97271586e-03 2.84289095e-03 3.88936961e-03 5.12642063e-03 6.56540622e-03 8.21371211e-03 1.00736358e-02 1.21412933e-02 1.44056170e-02 1.68475304e-02 1.94393856e-02 2.21447508e-02 2.49186211e-02 2.77081108e-02 3.04536550e-02 3.30907197e-02 3.55519824e-02 3.77699071e-02 3.96796028e-02 4.12218217e-02 4.23459251e-02 4.30126315e-02 4.31963506e-02 4.28869186e-02 4.20905739e-02 4.08300532e-02 3.91437497e-02 3.70839463e-02 3.47142162e-02 3.21061653e-02 2.93357514e-02 2.64794637e-02 2.36106549e-02 2.07963003e-02 1.80944060e-02 1.55522130e-02 1.32052580e-02 1.10772645e-02 9.18076574e-03 7.51830360e-03 6.08402380e-03 4.86547820e-03 3.84546365e-03 3.00375599e-03 2.31863598e-03 1.76814330e-03 1.33103094e-03 9.87421751e-04 7.19190193e-04 5.10105570e-04 3.45779109e-04 2.13457755e-04 1.01704485e-04 0.00000000e+00
 0.00000000e+00 -2.52400983e-08 -5.48497688e-08 -9.37853031e-08 -1.48227992e-07 -2.26326589e-07 -3.39098383e-07 -5.01545111e-07 -7.34040746e-07 -1.06404644e-06 -1.52820165e-06 -2.17482753e-06 -3.06685578e-06 -4.28516134e-06 -5.93222568e-06 -8.13598848e-06 -1.10536543e-05 -1.48751083e-05 -1.98254612e-05 -2.61660871e-05 -3.41933548e-05 -4.42340736e-05 -5.66365119e-05 -7.17556968e-05 -8.99315926e-05 -1.11458705e-04 -1.36545678e-04 -1.65263564e-04 -1.97481684e-04 -2.32790322e-04 -2.70409998e-04 -3.09087643e-04 -3.46980762e-04 -3.81531499e-04 -4.09333522e-04 -4.25995741e-04 -4.26008054e-04 -4.02615725e-04 -3.47710393e-04 -2.51747366e-04 -1.03700487e-04 1.08932422e-04 4.00059022e-04 7.84841103e-04 1.27944628e-03 1.90068725e-03 2.66553550e-03 3.59050068e-03 4.69087393e-03 5.97984299e-03 7.46749910e-03 9.15976977e-03 1.10573267e-02 1.31545323e-02 1.54385007e-02 1.78883563e-02 2.04747760e-02 2.31598950e-02 2.58976421e-02 2.86345523e-02 3.13110754e-02 3.38633660e-02 3.62255086e-02 3.83320933e-02 4.01210253e-02 4.15364226e-02 4.25314340e-02 4.30707964e-02 4.31329495e-02 4.27115372e-02 4.18161538e-02 4.04722362e-02 3.87200622e-02 3.66128834e-02 3.42142985e-02 3.15950398e-02 2.88294069e-02 2.59916153e-02 2.31523335e-02 2.03756607e-02 1.77167444e-02 1.52201655e-02 1.29191376e-02 1.08354882e-02 8.98032093e-03 7.35521084e-03 5.95376020e-03 4.76333779e-03 3.76684208e-03 2.94435692e-03 2.27460403e-03 1.73613378e-03 1.30822939e-03 9.71526876e-04 7.08373306e-04 5.02957764e-04 3.41255431e-04 2.10825428e-04 1.00500251e-04 0.00000000e+00
 0.00000000e+00 -2.05758906e-08 -4.47011055e-08 -7.63984894e-08 -1.20678871e-07 -1.84138118e-07 -2.75679546e-07 -4.07405361e-07 -5.95720674e-07 -8.62690997e-07 -1.23768760e-06 -1.75934237e-06 -2.47781266e-06 -3.45732463e-06 -4.77891742e-06 -6.54324848e-06 -8.87323987e-06 -1.19162453e-05 -1.58452979e-05 -2.08588632e-05 -2.71783695e-05 -3.50426337e-05 -4.46981461e-05 -5.63840404e-05 -7.03104668e-05 -8.66290252e-05 -1.05393920e-04 -1.26512579e-04 -1.49684666e-04 -1.74328697e-04 -1.99495912e-04 -2.23771569e-04 -2.45164538e-04 -2.60986896e-04 -2.67726213e-04 -2.60914334e-04 -2.34997820e-04 -1.83216616e-04 -9.74992270e-05 3.16156021e-05 2.15018820e-04 4.65018960e-04 7.95262760e-04 1.22057228e-03 1.75668211e-03 2.41986160e-03 3.22640983e-03 4.19201670e-03 5.33099087e-03 6.65536610e-03 8.17390975e-03 9.89107179e-03 1.18059267e-02 1.39111741e-02 1.61922748e-02 1.86268029e-02 2.11840964e-02 2.38252797e-02 2.65037148e-02 2.91659199e-02 3.17529625e-02 3.42023032e-02 3.64500358e-02 3.84334313e-02 4.00936673e-02 4.13785973e-02 4.22453967e-02 4.26629131e-02 4.26135528e-02 4.20945488e-02 4.11184877e-02 3.97130160e-02 3.79197038e-02 3.57921097e-02 3.33931586e-02 3.07920083e-02 2.80606287e-02 2.52703462e-02 2.24886078e-02 1.97761919e-02 1.71850419e-02 1.47568343e-02 1.25223118e-02 1.05013451e-02 8.70362370e-03 7.12983366e-03 5.77315957e-03 4.62094748e-03 3.65637964e-03 2.86004072e-03 2.21128769e-03 1.68937021e-03 1.27427935e-03 9.47327746e-04 6.91482649e-04 4.91484509e-04 3.33789073e-04 2.06371248e-04 9.84263423e-05 0.00000000e+00
 0.00000000e+00 -1.66045578e-08 -3.60623963e-08 -6.16047336e-08 -9.72507254e-08 -1.48282002e-07 -2.21814789e-07 -3.27502883e-07 -4.78403828e-07 -6.92037484e-07 -9.91659346e-07 -1.40775873e-06 -1.97977228e-06 -2.75797382e-06 -3.80546021e-06 -5.20009702e-06 -7.03621602e-06 -9.42576731e-06 -1.24985220e-05 -1.64007994e-05 -2.12920558e-05 -2.73385328e-05 -3.47030161e-05 -4.35296315e-05 -5.39224923e-05 -6.59169490e-05 -7.94421746e-05 -9.42738815e-05 -1.09976107e-04 -1.25831259e-04 -1.40757991e-04 -1.53216966e-04 -1.61105246e-04 -1.61640852e-04 -1.51240049e-04 -1.25391083e-04 -7.85295054e-05 -3.92180498e-06 1.06434174e-04 2.61881633e-04 4.73137709e-04 7.52272701e-04 1.11262003e-03 1.56860051e-03 2.13544480e-03 2.82879964e-03 3.66420737e-03 4.65645386e-03 5.81878900e-03 7.16203425e-03 8.69360490e-03 1.04164883e-02 1.23282330e-02 1.44200156e-02 1.66758608e-02 1.90720925e-02 2.15770929e-02 2.41514352e-02 2.67484391e-02 2.93151760e-02 3.17939236e-02 3.41240365e-02 3.62441700e-02 3.80947638e-02 3.96206624e-02 4.07737323e-02 4.15153173e-02 4.18183713e-02 4.16691134e-02 4.10680698e-02 4.00303953e-02 3.85854167e-02 3.67753906e-02 3.46535311e-02 3.22814263e-02 2.97260146e-02 2.70563376e-02 2.43403024e-02 2.16416874e-02 1.90175937e-02 1.65164992e-02 1.41770037e-02 1.20272899e-02 1.00852553e-02 8.35921951e-03 6.84907128e-03 5.54770550e-03 4.44259770e-03 3.51738043e-03 2.75331143e-03 2.13055397e-03 1.62922149e-03 1.23016717e-03 9.15521882e-04 6.69001090e-04 4.76011071e-04 3.23590019e-04 2.00219629e-04 9.55404130e-05 0.00000000e+00
 0.00000000e+00 -1.32635258e-08 -2.87966849e-08 -4.91672980e-08 -7.75642841e-08 -1.18170199e-07 -1.76608456e-07 -2.60489958e-07 -3.80082396e-07 -5.49121869e-07 -7.85779607e-07 -1.11378478e-06 -1.56368612e-06 -2.17420799e-06 -2.99361929e-06 -4.08098302e-06 -5.50708999e-06 -7.35480005e-06 -9.71841803e-06 -1.27016212e-05 -1.64133314e-05 -2.09607939e-05 -2.64389942e-05 -3.29154160e-05 -4.04090412e-05 -4.88624174e-05 -5.81055898e-05 -6.78107371e-05 -7.74364645e-05 -8.61609321e-05 -9.28033356e-05 -9.57337369e-05 -9.27718847e-05 -8.10764870e-05 -5.70274195e-05 -1.61045906e-05 4.72313542e-05 1.39649632e-04 2.69042510e-04 4.44590394e-04 6.76786177e-04 9.77404424e-04 1.35939971e-03 1.83671789e-03 2.42400483e-03 3.13619938e-03 3.98800187e-03 4.99321575e-03 6.16396926e-03 7.50983492e-03 9.03687721e-03 1.07466722e-02 1.26353555e-02 1.46927642e-02 1.69017471e-02 1.92377163e-02 2.16685110e-02 2.41546304e-02 2.66498783e-02 2.91024348e-02 3.14563472e-02 3.36533995e-02 3.56352931e-02 3.73460413e-02 3.87344579e-02 3.97566020e-02 4.03780301e-02 4.05757060e-02 4.03394283e-02 3.96726562e-02 3.85926469e-02 3.71298597e-02 3.53266384e-02 3.32352331e-02 3.09152854e-02 2.84309435e-02 2.58478090e-02 2.32299341e-02 2.06370777e-02 1.81224014e-02 1.57307388e-02 1.34975132e-02 1.14483149e-02 9.59909232e-03 7.95686405e-03 6.52082437e-03 5.28370450e-03 4.23325004e-03 3.35369157e-03 2.62710864e-03 2.03461588e-03 1.55732853e-03 1.17709041e-03 8.76968448e-04 6.41532813e-04 4.56951172e-04 3.10929656e-04 1.92533598e-04 9.19187357e-05 0.00000000e+00
 0.00000000e+00 -1.04857962e-08 -2.27575537e-08 -3.88336658e-08 -6.12161223e-08 -9.31791430e-08 -1.39113841e-07 -2.04946741e-07 -2.98648093e-07 -4.30842057e-07 -6.15523963e-07 -8.70878629e-07 -1.22017659e-06 -1.69270039e-06 -2.32461896e-06 -3.15968249e-06 -4.24955211e-06 -5.65350599e-06 -7.43717670e-06 -9.66987367e-06 -1.24199313e-05 -1.57474021e-05 -1.96932894e-05 -2.42643946e-05 -2.94127484e-05 -3.50085184e-05 -4.08052490e-05 -4.63963111e-05 -5.11615418e-05 -5.42032507e-05 -5.42710915e-05 -4.96757611e-05 -3.81921254e-05 -1.69531974e-05 1.76625573e-05 7.01468406e-05 1.45974805e-04 2.51709011e-04 3.95085159e-04 5.85068735e-04 8.31869762e-04 1.14690125e-03 1.54266587e-03 2.03255508e-03 2.63054645e-03 3.35078716e-03 4.20705719e-03 5.21211216e-03 6.37691543e-03 7.70977984e-03 9.21545184e-03 1.08941831e-02 1.27408459e-02 1.47441573e-02 1.68860814e-02 1.91414802e-02 2.14780738e-02 2.38567628e-02 2.62323428e-02 2.85546219e-02 3.07699227e-02 3.28229257e-02 3.46587797e-02 3.62253847e-02 3.74757280e-02 3.83701430e-02 3.88783502e-02 3.89811448e-02 3.86716046e-02 3.79557164e-02 3.68523496e-02 3.53925504e-02 3.36181768e-02 3.15799456e-02 2.93350135e-02 2.69442523e-02 2.44694087e-02 2.19703451e-02 1.95025498e-02 1.71150743e-02 1.48490121e-02 1.27365771e-02 1.08007871e-02 9.05570176e-03 7.50712789e-03 6.15367442e-03 4.98802965e-03 3.99833529e-03 3.16954634e-03 2.48468738e-03 1.92594192e-03 1.47553704e-03 1.11640885e-03 8.32653072e-04 6.09778591e-04 4.34790078e-04 2.96129706e-04 1.83508159e-04 8.76530977e-05 0.00000000e+00
 0.00000000e+00 -8.20320553e-09 -1.77962022e-08 -3.03476350e-08 -4.77977607e-08 -7.26788847e-08 -1.08376834e-07 -1.59445786e-07 -2.31986602e-07 -3.34094812e-07 -4.76377619e-07 -6.72528589e-07 -9.39932775e-07 -1.30025221e-06 -1.77991048e-06 -2.41035381e-06 -3.22791284e-06 -4.27302367e-06 -5.58848716e-06 -7.21635277e-06 -9.19290911e-06 -1.15411495e-05 -1.42599632e-05 -1.73091887e-05 -2.05895605e-05 -2.39165023e-05 -2.69866768e-05 -2.93362145e-05 -3.02896333e-05 -2.88986428e-05 -2.38703391e-05 -1.34847482e-05 4.49768688e-06 3.29372428e-05 7.54221826e-05 1.36378354e-04 2.21175779e-04 3.36225153e-04 4.89055253e-04 6.88360337e-04 9.44004789e-04 1.26697081e-03 1.66923413e-03 2.16355300e-03 2.76315708e-03 3.48132634e-03 4.33085520e-03 5.32340440e-03 6.46875253e-03 7.77396974e-03 9.24254784e-03 1.08735324e-02 1.26607123e-02 1.45919291e-02 1.66485716e-02 1.88053200e-02 2.10301941e-02 2.32849491e-02 2.55258432e-02 2.77047778e-02 2.97707882e-02 3.16718358e-02 3.33568271e-02 3.47777642e-02 3.58919142e-02 3.66638727e-02 3.70673918e-02 3.70868502e-02 3.67182544e-02 3.59696841e-02 3.48611275e-02 3.34236927e-02 3.16982238e-02 2.97334003e-02 2.75834373e-02 2.53055398e-02 2.29572857e-02 2.05941148e-02 1.82670912e-02 1.60210753e-02 1.38934004e-02 1.19131007e-02 1.01006869e-02 8.46841982e-03 7.02099954e-03 5.75656089e-03 4.66786138e-03 3.74354791e-03 2.96940339e-03 2.32949408e-03 1.80716160e-03 1.38582659e-03 1.04959192e-03 7.83649648e-04 5.74508540e-04 4.10065677e-04 2.79549647e-04 1.73362657e-04 8.28472043e-05 0.00000000e+00
 0.00000000e+00 -6.34906448e-09 -1.37671711e-08 -2.34590773e-08 -3.69110345e-08 -5.60564687e-08 -8.34708058e-08 -1.22603441e-07 -1.78052500e-07 -2.55883983e-07 -3.63990270e-07 -5.12472825e-07 -7.14019061e-07 -9.84222295e-07 -1.34176507e-06 -1.80834832e-06 -2.40820041e-06 -3.16693975e-06 -4.10949194e-06 -5.25667676e-06 -6.61998358e-06 -8.19394739e-06 -9.94542632e-06 -1.17989714e-05 -1.36173785e-05 -1.51764319e-05 -1.61328051e-05 -1.59840903e-05 -1.40200100e-05 -9.26403926e-06 -4.04970910e-07 1.42815939e-05 3.70212112e-05 7.06365548e-05 1.18648838e-04 1.85380850e-04 2.76056221e-04 3.96887781e-04 5.55146035e-04 7.59196919e-04 1.01849632e-03 1.34352761e-03 1.74566795e-03 2.23696957e-03 2.82984421e-03 3.53664254e-03 4.36912583e-03 5.33783449e-03 6.45136737e-03 7.71559594e-03 9.13284822e-03 1.07011077e-02 1.24132807e-02 1.42565921e-02 1.62121688e-02 1.82548698e-02 2.03534107e-02 2.24708176e-02 2.45652286e-02 2.65910365e-02 2.85003465e-02 3.02446959e-02 3.17769629e-02 3.30533702e-02 3.40354777e-02 3.46920454e-02 3.50006527e-02 3.49489597e-02 3.45355174e-02 3.37700543e-02 3.26731981e-02 3.12756309e-02 2.96167138e-02 2.77426624e-02 2.57043846e-02 2.35551270e-02 2.13480865e-02 1.91341475e-02 1.69598895e-02 1.48659825e-02 1.28860488e-02 1.10460259e-02 9.36402165e-03 7.85061203e-03 6.50950490e-03 5.33847071e-03 4.33043706e-03 3.47464644e-03 2.75778950e-03 2.16504414e-03 1.68097133e-03 1.29023925e-03 9.78165355e-04 7.31081006e-04 5.36533693e-04 3.83348484e-04 2.61573267e-04 1.62332531e-04 7.76127682e-05 0.00000000e+00
 0.00000000e+00 -4.86016716e-09 -1.05326929e-08 -1.79313359e-08 -2.81797068e-08 -4.27335297e-08 -6.35227566e-08 -9.31182007e-08 -1.34924909e-07 -1.93400447e-07 -2.74289903e-07 -3.84859807e-07 -5.34099300e-07 -7.32837417e-07 -9.93699038e-07 -1.33078734e-06 -1.75893616e-06 -2.29232032e-06 -2.94214477e-06 -3.71305459e-06 -4.59781718e-06 -5.56972901e-06 -6.57209377e-06 -7.50401391e-06 -8.20164038e-06 -8.41394752e-06 -7.77205460e-06 -5.75112170e-06 -1.62392400e-06 5.59461713e-06 1.72123709e-05 3.49343755e-05 6.09459987e-05 9.80033780e-05 1.49528568e-04 2.19705519e-04 3.13571486e-04 4.37096783e-04 5.97244007e-04 8.01996134e-04 1.06034140e-03 1.38220184e-03 1.77829217e-03 2.25989645e-03 2.83855231e-03 3.52563619e-03 4.33184887e-03 5.26660783e-03 6.33736160e-03 7.54885139e-03 8.90235473e-03 1.03949552e-02 1.20188896e-02 1.37610272e-02 1.56025377e-02 1.75187978e-02 1.94795786e-02 2.14495429e-02 2.33890617e-02 2.52553405e-02 2.70038246e-02 2.85898296e-02 2.99703245e-02 3.11057787e-02 3.19619713e-02 3.25116564e-02 3.27359779e-02 3.26255369e-02 3.21810288e-02 3.14133935e-02 3.03434486e-02 2.90010141e-02 2.74235697e-02 2.56545242e-02 2.37412075e-02 2.17327152e-02 1.96777505e-02 1.76226032e-02 1.56093925e-02 1.36746723e-02 1.18484625e-02 1.01537321e-02 8.60632102e-03 7.21525125e-03 5.98335834e-03 4.90815277e-03 3.98281966e-03 3.19726804e-03 2.53915249e-03 1.99480652e-03 1.55004495e-03 1.19081094e-03 9.03659286e-04 6.76080219e-04 4.96677710e-04 3.55221510e-04 2.42594989e-04 1.50660862e-04 7.20654766e-05 0.00000000e+00
 0.00000000e+00 -3.67820225e-09 -7.96574025e-09 -1.35463909e-08 -2.12575389e-08 -3.21784545e-08 -4.77312821e-08 -6.97968832e-08 -1.00845208e-07 -1.44075903e-07 -2.03558753e-07 -2.84354527e-07 -3.92583845e-07 -5.35393709e-07 -7.20747063e-07 -9.56928865e-07 -1.25162129e-06 -1.61034972e-06 -2.03403922e-06 -2.51534798e-06 -3.03336014e-06 -3.54612749e-06 -3.98045058e-06 -4.21819041e-06 -4.07830979e-06 -3.29376889e-06 -1.48235682e-06 1.88945249e-06 7.55045471e-06 1.64771423e-05 2.99549717e-05 4.96483888e-05 7.76789046e-05 1.16709676e-04 1.70033991e-04 2.41663790e-04 3.36412855e-04 4.59967719e-04 6.18937621e-04 8.20873311e-04 1.07424317e-03 1.38835431e-03 1.77320647e-03 2.23926738e-03 2.79716098e-03 3.45726373e-03 4.22920988e-03 5.12131363e-03 6.13992480e-03 7.28874302e-03 8.56812512e-03 9.97442755e-03 1.14994322e-02 1.31299065e-02 1.48473470e-02 1.66279535e-02 1.84428660e-02 2.02586893e-02 2.20383081e-02 2.37419803e-02 2.53286732e-02 2.67575915e-02 2.79898239e-02 2.89900274e-02 2.97280532e-02 3.01804176e-02 3.03315245e-02 3.01745532e-02 2.97119429e-02 2.89554294e-02 2.79256138e-02 2.66510799e-02 2.51671034e-02 2.35140329e-02 2.17354430e-02 1.98761815e-02 1.79804368e-02 1.60899507e-02 1.42424815e-02 1.24706038e-02 1.08008931e-02 9.25351430e-03 7.84219660e-03 6.57454999e-03 5.45265800e-03 4.47386748e-03 3.63169383e-03 2.91676390e-03 2.31772965e-03 1.82209967e-03 1.41695213e-03 1.08950833e-03 8.27559923e-04 6.19754218e-04 4.55749970e-04 3.26260913e-04 2.23006593e-04 1.38590098e-04 6.63210266e-05 0.00000000e+00
 0.00000000e+00 -2.75062762e-09 -5.95190796e-09 -1.01080279e-08 -1.58332014e-08 -2.39137140e-08 -3.53772886e-08 -5.15700578e-08 -7.42389856e-08 -1.05613743e-07 -1.48476241e-07 -2.06197539e-07 -2.82709826e-07 -3.82364524e-07 -5.09605228e-07 -6.68354834e-07 -8.60978635e-07 -1.08663822e-06 -1.33879382e-06 -1.60154497e-06 -1.84442134e-06 -2.01514891e-06 -2.02982422e-06 -1.75983642e-06 -1.01479042e-06 4.79385057e-07 3.10799927e-06 7.40167649e-06 1.40777152e-05 2.40893245e-05 3.86830383e-05 5.94641683e-05 8.84695333e-05 1.28245890e-04 1.81931463e-04 2.53336730e-04 3.47019226e-04 4.68345593e-04 6.23532555e-04 8.19657094e-04 1.06462501e-03 1.36708645e-03 1.73628736e-03 2.18184696e-03 2.71345409e-03 3.34047922e-03 4.07150454e-03 4.91378113e-03 5.87263030e-03 6.95081416e-03 8.14790852e-03 9.45971806e-03 1.08777782e-02 1.23889897e-02 1.39754318e-02 1.56143902e-02 1.72786326e-02 1.89369452e-02 2.05549320e-02 2.20960600e-02 2.35229145e-02 2.47986133e-02 2.58883119e-02 2.67607220e-02 2.73895575e-02 2.77548199e-02 2.78438405e-02 2.76520070e-02 2.71831158e-02 2.64493170e-02 2.54706417e-02 2.42741311e-02 2.28926153e-02 2.13632155e-02 1.97256644e-02 1.80205536e-02 1.62876194e-02 1.45641759e-02 1.28837838e-02 1.12752268e-02 9.76183297e-03 8.36115364e-03 7.08498013e-03 5.93965732e-03 4.92663371e-03 4.04317874e-03 3.28319539e-03 2.63806067e-03 2.09743600e-03 1.65000216e-03 1.28408775e-03 9.88173453e-04 7.51266736e-04 5.63151121e-04 4.14521131e-04 2.97018224e-04 2.03184910e-04 1.26354327e-04 6.04914048e-05 0.00000000e+00
 0.00000000e+00 -2.03108837e-09 -4.39030357e-09 -7.44331416e-09 -1.16325152e-08 -1.75191239e-08 -2.58286184e-08 -3.74984816e-08 -5.37248353e-08 -7.60008805e-08 -1.06134588e-07 -1.46225170e-07 -1.98566686e-07 -2.65431839e-07 -3.48668374e-07 -4.49013602e-07 -5.64997953e-07 -6.91265345e-07 -8.16085433e-07 -9.17770223e-07 -9.59635438e-07 -8.83066602e-07 -5.98164185e-07 2.86442570e-08 1.19071677e-06 3.16178967e-06 6.32183877e-06 1.11889843e-05 1.84581339e-05 2.90468864e-05 4.41489280e-05 6.52947226e-05 9.44186891e-05 1.33931274e-04 1.86793339e-04 2.56589103e-04 3.47592577e-04 4.64820971e-04 6.14067211e-04 8.01902409e-04 1.03563828e-03 1.32323908e-03 1.67317324e-03 2.09419613e-03 2.59505827e-03 3.18413715e-03 3.86899624e-03 4.65588096e-03 5.54916886e-03 6.55079840e-03 7.65970765e-03 8.87132025e-03 1.01771191e-02 1.15643497e-02 1.30158917e-02 1.45103328e-02 1.60222681e-02 1.75228366e-02 1.89804919e-02 2.03619872e-02 2.16335408e-02 2.27621298e-02 2.37168516e-02 2.44702785e-02 2.49997301e-02 2.52883839e-02 2.53261537e-02 2.51102717e-02 2.46455302e-02 2.39441556e-02 2.30253138e-02 2.19142686e-02 2.06412414e-02 1.92400427e-02 1.77465596e-02 1.61971981e-02 1.46273771e-02 1.30701659e-02 1.15551425e-02 1.01075279e-02 8.74762829e-03 7.49058971e-03 6.34644690e-03 5.32042668e-03 4.41345307e-03 3.62279270e-03 2.94277816e-03 2.36555106e-03 1.88177511e-03 1.48128062e-03 1.15361404e-03 8.88477824e-04 6.76056460e-04 5.07232417e-04 3.73702055e-04 2.68004847e-04 1.83480977e-04 1.14172421e-04 5.46815674e-05 0.00000000e+00
 0.00000000e+00 -1.47946758e-09 -3.19364163e-09 -5.40271763e-09 -8.41855624e-09 -1.26318594e-08 -1.85398356e-08 -2.67724145e-08 -3.81127942e-08 -5.35046344e-08 -7.40330878e-08 -1.00859509e-07 -1.35079380e-07 -1.77458868e-07 -2.27986571e-07 -2.85152244e-07 -3.44832673e-07 -3.98625221e-07 -4.31421229e-07 -4.17953922e-07 -3.17989116e-07 -6.97530510e-08 4.18887129e-07 1.28205394e-06 2.71093756e-06 4.97301410e-06 8.43612460e-06 1.35981172e-05 2.11226718e-05 3.18817564e-05 4.70048787e-05 6.79348788e-05 9.64894252e-05 1.34926622e-04 1.86012201e-04 2.53084672e-04 3.40113571e-04 4.51744661e-04 5.93324704e-04 7.70897309e-04 9.91160725e-04 1.26137822e-03 1.58923232e-03 1.98261582e-03 2.44935501e-03 2.99686464e-03 3.63173886e-03 4.35928870e-03 5.18304262e-03 6.10423384e-03 7.12130361e-03 8.22945459e-03 9.42029121e-03 1.06815838e-02 1.19971905e-02 1.33471654e-02 1.47080712e-02 1.60535043e-02 1.73548259e-02 1.85820794e-02 1.97050582e-02 2.06944775e-02 2.15231919e-02 2.21673922e-02 2.26077126e-02 2.28301803e-02 2.28269457e-02 2.25967394e-02 2.21450226e-02 2.14838094e-02 2.06311665e-02 1.96104156e-02 1.84490821e-02 1.71776585e-02 1.58282562e-02 1.44332346e-02 1.30238890e-02 1.16292772e-02 1.02752483e-02 8.98371780e-03 7.77221418e-03 6.65369674e-03 5.63662689e-03 4.72525667e-03 3.92008740e-03 3.21844525e-03 2.61511972e-03 2.10301532e-03 1.67377406e-03 1.31833617e-03 1.02741688e-03 7.91887146e-04 6.03054924e-04 4.52850827e-04 3.33926769e-04 2.39679349e-04 1.64211045e-04 1.02242290e-04 4.89866457e-05 0.00000000e+00
 0.00000000e+00 -1.06165882e-09 -2.28773558e-09 -3.85920267e-09 -5.99015483e-09 -8.94403951e-09 -1.30484040e-08 -1.87056481e-08 -2.63951187e-08 -3.66586343e-08 -5.00567724e-08 -6.70764680e-08 -8.79610008e-08 -1.12420530e-07 -1.39164065e-07 -1.65171176e-07 -1.84592837e-07 -1.87134626e-07 -1.55731303e-07 -6.32692436e-08 1.31947455e-07 4.92358933e-07 1.10938312e-06 2.11423629e-06 3.69192119e-06 6.09901291e-06 9.68589371e-06 1.49240661e-05 2.24390884e-05 3.30495093e-05 4.78119018e-05 6.80716949e-05 9.55189465e-05 1.32247491e-04 1.80815015e-04 2.44300607e-04 3.26355190e-04 4.31239090e-04 5.63839903e-04 7.29662930e-04 9.34785867e-04 1.18576951e-03 1.48951690e-03 1.85307496e-03 2.28337540e-03 2.78691514e-03 3.36938140e-03 4.03523181e-03 4.78724587e-03 5.62606968e-03 6.54978112e-03 7.55350644e-03 8.62912100e-03 9.76506670e-03 1.09463153e-02 1.21545006e-02 1.33682351e-02 1.45636139e-02 1.57148986e-02 1.67953604e-02 1.77782480e-02 1.86378376e-02 1.93505100e-02 1.98957972e-02 2.02573365e-02 2.04236732e-02 2.03888589e-02 2.01528031e-02 1.97213487e-02 1.91060607e-02 1.83237347e-02 1.73956519e-02 1.63466230e-02 1.52038823e-02 1.39958986e-02 1.27511788e-02 1.14971356e-02 1.02590860e-02 9.05943154e-03 7.91705794e-03 6.84697000e-03 5.86016162e-03 4.96370154e-03 4.16100310e-03 3.45223647e-03 2.83483734e-03 2.30406587e-03 1.85357361e-03 1.47594269e-03 1.16316984e-03 9.07076777e-04 6.99637124e-04 5.33217212e-04 4.00734317e-04 2.95739880e-04 2.12437892e-04 1.45649694e-04 9.07364434e-05 4.34897690e-05 0.00000000e+00
 0.00000000e+00 -7.49143666e-10 -1.61056871e-09 -2.70661221e-09 -4.17928070e-09 -6.19863292e-09 -8.96838801e-09 -1.27259307e-08 -1.77318746e-08 -2.42413348e-08 -3.24446790e-08 -4.23593094e-08 -5.36453762e-08 -6.53065522e-08 -7.52212918e-08 -7.94294682e-08 -7.10730277e-08 -3.88564392e-08 3.51474024e-08 1.78567878e-07 4.32961025e-07 8.59525818e-07 1.54671538e-06 2.62021060e-06 4.25578121e-06 6.69560204e-06 1.02686071e-05 1.54154384e-05 2.27184605e-05 3.29371490e-05 4.70488958e-05 6.62948934e-05 9.22302382e-05 1.26776732e-04 1.72276048e-04 2.31540007e-04 3.07893681e-04 4.05206031e-04 5.27901809e-04 6.80947762e-04 8.69805716e-04 1.10034532e-03 1.37870996e-03 1.71113109e-03 2.10368859e-03 2.56201830e-03 3.09097228e-03 3.69424179e-03 4.37395870e-03 5.13029555e-03 5.96108899e-03 6.86151440e-03 7.82384060e-03 8.83729282e-03 9.88804872e-03 1.09593865e-02 1.20319964e-02 1.30844565e-02 1.40938637e-02 1.50365993e-02 1.58891965e-02 1.66292715e-02 1.72364664e-02 1.76933556e-02 1.79862594e-02 1.81059145e-02 1.80479585e-02 1.78131915e-02 1.74075952e-02 1.68421010e-02 1.61321194e-02 1.52968535e-02 1.43584410e-02 1.33409747e-02 1.22694644e-02 1.11688019e-02 1.00627932e-02 8.97330989e-03 7.91960454e-03 6.91781711e-03 5.98068550e-03 5.11745658e-03 4.33398019e-03 3.63295760e-03 3.01430827e-03 2.47561547e-03 2.01261166e-03 1.61966772e-03 1.29025633e-03 1.01736650e-03 7.93854101e-04 6.12720338e-04 4.67316235e-04 3.51476402e-04 2.59588617e-04 1.86607967e-04 1.28025211e-04 7.97989432e-05 3.82605542e-05 0.00000000e+00
 0.00000000e+00 -5.18447441e-10 -1.11110280e-09 -1.85760807e-09 -2.84774276e-09 -4.18434028e-09 -5.98265627e-09 -8.36323426e-09 -1.14334582e-08 -1.52502178e-08 -1.97521110e-08 -2.46439496e-08 -2.92084833e-08 -3.20096035e-08 -3.04370810e-08 -2.00243533e-08 6.55282886e-09 6.09187311e-08 1.61038959e-07 3.34061776e-07 6.20209918e-07 1.07802824e-06 1.79135050e-06 2.87840549e-06 4.50353339e-06 6.89201839e-06 1.03485537e-05 1.52798256e-05 2.22216190e-05 3.18706880e-05 4.51213875e-05 6.31067010e-05 8.72428188e-05 1.19275809e-04 1.61328188e-04 2.15942359e-04 2.86116981e-04 3.75331431e-04 4.87552720e-04 6.27218614e-04 7.99190464e-04 1.00866945e-03 1.26107082e-03 1.56185230e-03 1.91629516e-03 2.32923963e-03 2.80478035e-03 3.34593154e-03 3.95427648e-03 4.62961979e-03 5.36966483e-03 6.16974071e-03 7.02260435e-03 7.91834153e-03 8.84438792e-03 9.78568542e-03 1.07249818e-02 1.16432729e-02 1.25203775e-02 1.33356240e-02 1.40686204e-02 1.47000701e-02 1.52125905e-02 1.55914893e-02 1.58254511e-02 1.59070921e-02 1.58333456e-02 1.56056507e-02 1.52299288e-02 1.47163440e-02 1.40788598e-02 1.33346180e-02 1.25031751e-02 1.16056451e-02 1.06638008e-02 9.69918775e-03 8.73230288e-03 7.78188285e-03 6.86433641e-03 5.99334297e-03 5.17962587e-03 4.43089570e-03 3.75194730e-03 3.14488542e-03 2.60944789e-03 2.14339260e-03 1.74291553e-03 1.40306965e-03 1.11815995e-03 8.82095783e-04 6.88687872e-04 5.31883607e-04 4.05939357e-04 3.05532569e-04 2.25819415e-04 1.62445413e-04 1.11517226e-04 6.95437744e-05 3.33542764e-05 0.00000000e+00
 0.00000000e+00 -3.50533673e-10 -7.47955783e-10 -1.24139345e-09 -1.88355621e-09 -2.72998896e-09 -3.83438866e-09 -5.23704468e-09 -6.94176770e-09 -8.87415949e-09 -1.08104524e-08 -1.22610364e-08 -1.22857244e-08 -9.20822078e-09 -1.84507427e-10 1.94367756e-08 5.70451232e-08 1.24099856e-07 2.38004803e-07 4.24706492e-07 7.22240481e-07 1.18549922e-06 1.89254608e-06 2.95285000e-06 4.51785889e-06 6.79435861e-06 1.00610697e-05 1.46889025e-05 2.11652079e-05 3.01222130e-05 4.23695954e-05 5.89308188e-05 8.10824118e-05 1.10394814e-04 1.48772751e-04 1.98492357e-04 2.62231457e-04 3.43088661e-04 4.44586225e-04 5.70651183e-04 7.25569064e-04 9.13904850e-04 1.14038665e-03 1.40974911e-03 1.72653572e-03 2.09486218e-03 2.51814630e-03 2.99881375e-03 3.53799298e-03 4.13521599e-03 4.78814486e-03 5.49234540e-03 6.24112990e-03 7.02548946e-03 7.83413308e-03 8.65364582e-03 9.46877151e-03 1.02628178e-02 1.10181732e-02 1.17169162e-02 1.23414917e-02 1.28754181e-02 1.33039915e-02 1.36149436e-02 1.37990156e-02 1.38504112e-02 1.37670995e-02 1.35509445e-02 1.32076514e-02 1.27465285e-02 1.21800788e-02 1.15234430e-02 1.07937291e-02 1.00092693e-02 9.18884935e-03 8.35095604e-03 7.51308719e-03 6.69115926e-03 5.89904114e-03 5.14823071e-03 4.44767983e-03 3.80376219e-03 3.22036944e-03 2.69911348e-03 2.23960841e-03 1.83980387e-03 1.49634203e-03 1.20491345e-03 9.60591269e-04 7.58128264e-04 5.92206539e-04 4.57634815e-04 3.49492393e-04 2.63222332e-04 1.94678745e-04 1.40134542e-04 9.62565071e-05 6.00545749e-05 2.88116950e-05 0.00000000e+00
 0.00000000e+00 -2.30184683e-10 -4.88051361e-10 -8.01392177e-10 -1.19725139e-09 -1.69885650e-09 -2.31850502e-09 -3.04358043e-09 -3.81133956e-09 -4.46585092e-09 -4.68721085e-09 -3.87858722e-09 -9.90324551e-10 5.74820877e-09 1.92297164e-08 4.40585075e-08 8.74028644e-08 1.60208233e-07 2.78897957e-07 4.67722301e-07 7.61955506e-07 1.21218353e-06 1.88996993e-06 2.89523057e-06 4.36568481e-06 6.48877386e-06 9.51643822e-06 1.37831132e-05 1.97272221e-05 2.79163063e-05 3.90757165e-05 5.41204845e-05 7.41895969e-05 1.00681391e-04 1.35288205e-04 1.80027751e-04 2.37268006e-04 3.09741723e-04 4.00546132e-04 5.13123026e-04 6.51214342e-04 8.18788718e-04 1.01993533e-03 1.25872270e-03 1.53902230e-03 1.86429911e-03 2.23737470e-03 2.66017122e-03 3.13344862e-03 3.65654971e-03 4.22717069e-03 4.84117574e-03 5.49247424e-03 6.17297803e-03 6.87265267e-03 7.57967231e-03 8.28068173e-03 8.96116229e-03 9.60589136e-03 1.01994774e-02 1.07269464e-02 1.11743512e-02 1.15293688e-02 1.17818541e-02 1.19243139e-02 1.19522732e-02 1.18645089e-02 1.16631326e-02 1.13535177e-02 1.09440700e-02 1.04458566e-02 9.87211396e-03 9.23766469e-03 8.55827982e-03 7.85002393e-03 7.12862240e-03 6.40888588e-03 5.70422178e-03 5.02625477e-03 4.38456869e-03 3.78657356e-03 3.23749166e-03 2.74044978e-03 2.29665835e-03 1.90565521e-03 1.56559020e-03 1.27352763e-03 1.02574620e-03 8.18019434e-04 6.45864196e-04 5.04748953e-04 3.90257844e-04 2.98209982e-04 2.24736242e-04 1.66317695e-04 1.19791027e-04 8.23266989e-05 5.13855957e-05 2.46594760e-05 0.00000000e+00
 0.00000000e+00 -1.45403057e-10 -3.05315395e-10 -4.93012196e-10 -7.18323660e-10 -9.83223283e-10 -1.27346011e-09 -1.54358918e-09 -1.69138506e-09 -1.51560533e-09 -6.48177193e-10 1.55218370e-09 6.16351077e-09 1.49474401e-08 3.07155877e-08 5.78647382e-08 1.03146806e-07 1.76760319e-07 2.93875453e-07 4.76734512e-07 7.57503885e-07 1.18209092e-06 1.81517795e-06 2.74676269e-06 4.10052516e-06 6.04435948e-06 8.80340639e-06 1.26758895e-05 1.80519834e-05 2.54358111e-05 3.54704731e-05 4.89657362e-05 6.69276494e-05 9.05889170e-05 1.21438333e-04 1.61247016e-04 2.12088581e-04 2.76349839e-04 3.56728142e-04 4.56211233e-04 5.78035439e-04 7.25618435e-04 9.02463575e-04 1.11203414e-03 1.35759760e-03 1.64204233e-03 1.96767186e-03 2.33598446e-03 2.74744895e-03 3.20128970e-03 3.69529615e-03 4.22567256e-03 4.78694411e-03 5.37193344e-03 5.97181909e-03 6.57628328e-03 7.17375083e-03 7.75171555e-03 8.29714381e-03 8.79693931e-03 9.23844729e-03 9.60997275e-03 9.90128405e-03 1.01040730e-02 1.02123433e-02 1.02227029e-02 1.01345407e-02 9.95007453e-03 9.67426633e-03 9.31460723e-03 8.88078547e-03 8.38425648e-03 7.83774147e-03 7.25468495e-03 6.64870354e-03 6.03305827e-03 5.42017894e-03 4.82126474e-03 4.24597787e-03 3.70223993e-03 3.19613247e-03 2.73189619e-03 2.31201717e-03 1.93738371e-03 1.60749514e-03 1.32070279e-03 1.07446411e-03 8.65593482e-04 6.90495702e-04 5.45372200e-04 4.26393388e-04 3.29833997e-04 2.52171122e-04 1.90146948e-04 1.40799680e-04 1.01467122e-04 6.97677044e-05 4.35637129e-05 2.09111261e-05 0.00000000e+00
 0.00000000e+00 -8.68573780e-11 -1.79469661e-10 -2.81578381e-10 -3.91957036e-10 -4.99353758e-10 -5.73697738e-10 -5.51145791e-10 -3.09333185e-10 3.72589424e-10 1.87710234e-09 4.84619187e-09 1.03304189e-08 2.00122899e-08 3.65358486e-08 6.39858586e-08 1.08574533e-07 1.79611921e-07 2.90858100e-07 4.62381314e-07 7.23075767e-07 1.11402511e-06 1.69293085e-06 2.53985628e-06 3.76456204e-06 5.51572323e-06 7.99231309e-06 1.14574061e-05 1.62545831e-05 2.28270030e-05 3.17390283e-05 4.37000482e-05 5.95898248e-05 8.04843006e-05 1.07680354e-04 1.42717495e-04 1.87393996e-04 2.43774477e-04 3.14185602e-04 4.01196356e-04 5.07579384e-04 6.36250292e-04 7.90182512e-04 9.72296552e-04 1.18532404e-03 1.43164898e-03 1.71313086e-03 2.03091682e-03 2.38525222e-03 2.77530116e-03 3.19898987e-03 3.65288658e-03 4.13213112e-03 4.63042597e-03 5.14009797e-03 5.65223608e-03 6.15690608e-03 6.64343801e-03 7.10077684e-03 7.51788190e-03 7.88415597e-03 8.18988207e-03 8.42664353e-03 8.58770301e-03 8.66831731e-03 8.66596789e-03 8.58049188e-03 8.41410395e-03 8.17130647e-03 7.85869235e-03 7.48465197e-03 7.05900187e-03 6.59255777e-03 6.09667761e-03 5.58280185e-03 5.06201709e-03 4.54466652e-03 4.04002604e-03 3.55605937e-03 3.09925893e-03 2.67457305e-03 2.28541406e-03 1.93373719e-03 1.62017642e-03 1.34422172e-03 1.10442129e-03 8.98593488e-04 7.24034741e-04 5.77712477e-04 4.56434875e-04 3.56992327e-04 2.76268164e-04 2.11318562e-04 1.59423331e-04 1.18110542e-04 8.51586937e-05 5.85803663e-05 3.65912736e-05 1.75683353e-05 0.00000000e+00
 0.00000000e+00 -4.73860599e-11 -9.49526794e-11 -1.40484807e-10 -1.76098780e-10 -1.83020778e-10 -1.22930470e-10 7.63100589e-11 5.43784261e-10 1.50230729e-09 3.32589978e-09 6.62809723e-09 1.23955275e-08 2.21869693e-08 3.84257581e-08 6.48233486e-08 1.06984483e-07 1.73260131e-07 2.75933408e-07 4.32846056e-07 6.69598516e-07 1.02248417e-06 1.54234654e-06 2.29957453e-06 3.39047141e-06 4.94524368e-06 7.13784908e-06 1.01979122e-05 1.44248518e-05 2.02042578e-05 2.80263978e-05 3.85065181e-05 5.24063277e-05 7.06557146e-05 9.43733588e-05 1.24884484e-04 1.63733568e-04 2.12689453e-04 2.73739997e-04 3.49073273e-04 4.41042410e-04 5.52111514e-04 6.84780810e-04 8.41490204e-04 1.02450185e-03 1.23576403e-03 1.47676073e-03 1.74835294e-03 2.05062033e-03 2.38271273e-03 2.74272280e-03 3.12759110e-03 3.53305463e-03 3.95364836e-03 4.38276706e-03 4.81279123e-03 5.23527737e-03 5.64120812e-03 6.02129370e-03 6.36631161e-03 6.66746830e-03 6.91676373e-03 7.10733847e-03 7.23378290e-03 7.29238967e-03 7.28133332e-03 7.20076501e-03 7.05281568e-03 6.84150631e-03 6.57257033e-03 6.25319839e-03 5.89172113e-03 5.49724918e-03 5.07929187e-03 4.64737721e-03 4.21069422e-03 3.77777654e-03 3.35624222e-03 2.95259964e-03 2.57212463e-03 2.21880837e-03 1.89537117e-03 1.60333334e-03 1.34313157e-03 1.11426805e-03 9.15478840e-04 7.44909054e-04 6.00283950e-04 4.79066991e-04 3.78598485e-04 2.96210748e-04 2.29317948e-04 1.75480671e-04 1.32446671e-04 9.81702785e-05 7.08135021e-05 4.87320592e-05 3.04495350e-05 1.46226114e-05 0.00000000e+00
 0.00000000e+00 -2.15655883e-11 -3.99810078e-11 -4.95885402e-11 -3.89183989e-11 1.43784244e-11 1.51686744e-10 4.46602632e-10 1.02597879e-09 2.10304167e-09 4.02870970e-09 7.36993677e-09 1.30276027e-08 2.24114558e-08 3.76962035e-08 6.21913996e-08 1.00868633e-07 1.61103002e-07 2.53702159e-07 3.94315301e-07 6.05336136e-07 9.18437156e-07 1.37789624e-06 2.04489838e-06 3.00301190e-06 4.36504593e-06 6.28148802e-06 8.95069190e-06 1.26309270e-05 1.76543072e-05 2.44424774e-05 3.35237491e-05 4.55511366e-05 6.13204558e-05 8.17873185e-05 1.08081500e-04 1.41516810e-04 1.83594279e-04 2.35996253e-04 3.00568890e-04 3.79290662e-04 4.74224787e-04 5.87454174e-04 7.20998349e-04 8.76713086e-04 1.05617491e-03 1.26055429e-03 1.49048309e-03 1.74592324e-03 2.02604524e-03 2.32912562e-03 2.65247283e-03 2.99239083e-03 3.34418771e-03 3.70223533e-03 4.06008249e-03 4.41062130e-03 4.74630239e-03 5.05939129e-03 5.34225445e-03 5.58766112e-03 5.78908476e-03 5.94098704e-03 6.03906779e-03 6.08046527e-03 6.06389427e-03 5.98971274e-03 5.85991208e-03 5.67803123e-03 5.44899924e-03 5.17891576e-03 4.87478295e-03 4.54420482e-03 4.19507207e-03 3.83525065e-03 3.47229124e-03 3.11317450e-03 2.76410380e-03 2.43035291e-03 2.11617218e-03 1.82475234e-03 1.55824145e-03 1.31780749e-03 1.10373712e-03 9.15559963e-04 7.52187606e-04 6.12057276e-04 4.93271437e-04 3.93726268e-04 3.11223969e-04 2.43565738e-04 1.88624070e-04 1.44394466e-04 1.09027841e-04 8.08456453e-05 5.83401887e-05 4.01628082e-05 2.51024556e-05 1.20570905e-05 0.00000000e+00
 0.00000000e+00 -5.34383036e-12 -5.75224258e-12 6.15352559e-12 4.33476840e-11 1.29114839e-10 3.04492757e-10 6.40126194e-10 1.25500668e-09 2.34573204e-09 4.23157138e-09 7.42292767e-09 1.27239522e-08 2.13843219e-08 3.53208139e-08 5.74366009e-08 9.20754306e-08 1.45659306e-07 2.27572098e-07 3.51367671e-07 5.36399347e-07 8.09987030e-07 1.21025806e-06 1.78981562e-06 2.62040175e-06 3.79872699e-06 5.45363020e-06 7.75470565e-06 1.09224824e-05 1.52401584e-05 2.10667706e-05 2.88515218e-05 3.91487795e-05 5.26330160e-05 7.01126822e-05 9.25417117e-05 1.21027066e-04 1.56830475e-04 2.01362361e-04 2.56165867e-04 3.22889040e-04 4.03243505e-04 4.98948560e-04 6.11660380e-04 7.42887108e-04 8.93891812e-04 1.06558669e-03 1.25842330e-03 1.47228479e-03 1.70638737e-03 1.95919861e-03 2.22838042e-03 2.51076413e-03 2.80236371e-03 3.09843154e-03 3.39355852e-03 3.68181771e-03 3.95694746e-03 4.21256721e-03 4.44241597e-03 4.64060182e-03 4.80184877e-03 4.92172704e-03 4.99685300e-03 5.02504646e-03 5.00543542e-03 4.93850112e-03 4.82606034e-03 4.67118552e-03 4.47806744e-03 4.25182861e-03 3.99829902e-03 3.72376746e-03 3.43472337e-03 3.13760395e-03 2.83856015e-03 2.54325338e-03 2.25669187e-03 1.98311233e-03 1.72590922e-03 1.48761043e-03 1.26989563e-03 1.07365073e-03 8.99050837e-04 7.45662935e-04 6.12559660e-04 4.98436179e-04 4.01723166e-04 3.20690378e-04 2.53536882e-04 1.98465500e-04 1.53740488e-04 1.17728596e-04 8.89245930e-05 6.59629123e-05 4.76174396e-05 3.27915705e-05 2.05006076e-05 9.84841132e-06 0.00000000e+00
 0.00000000e+00 4.26478676e-12 1.42174059e-11 3.78173667e-11 8.81865766e-11 1.87862048e-10 3.75418419e-10 7.15909347e-10 1.31725014e-09 2.35564867e-09 4.11459362e-09 7.04386508e-09 1.18477110e-08 1.96149348e-08 3.20083953e-08 5.15375704e-08 8.19456318e-08 1.28752113e-07 2.00003856e-07 3.07300462e-07 4.67175650e-07 7.02932180e-07 1.04704416e-06 1.54425501e-06 2.25550974e-06 3.26286309e-06 4.67549701e-06 6.63695652e-06 9.33366757e-06 1.30047286e-05 1.79528638e-05 2.45562895e-05 3.32810693e-05 4.46933308e-05 5.94704815e-05 7.84103216e-05 1.02436715e-04 1.32600281e-04 1.70072433e-04 2.16131076e-04 2.72136359e-04 3.39495208e-04 4.19613800e-04 5.13837868e-04 6.23381584e-04 7.49246828e-04 8.92135756e-04 1.05236075e-03 1.22975687e-03 1.42360263e-03 1.63255562e-03 1.85460926e-03 2.08707658e-03 2.32660595e-03 2.56923198e-03 2.81046277e-03 3.04540246e-03 3.26890542e-03 3.47575598e-03 3.66086538e-03 3.81947605e-03 3.94736187e-03 4.04101310e-03 4.09779479e-03 4.11606906e-03 4.09527323e-03 4.03594891e-03 3.93971977e-03 3.80921918e-03 3.64797204e-03 3.46023805e-03 3.25082589e-03 3.02488954e-03 2.78771881e-03 2.54453565e-03 2.30030744e-03 2.05958619e-03 1.82638046e-03 1.60406438e-03 1.39532496e-03 1.20214669e-03 1.02582981e-03 8.67037154e-04 7.25863076e-04 6.01917568e-04 4.94418630e-04 4.02286525e-04 3.24234480e-04 2.58851497e-04 2.04674234e-04 1.60246115e-04 1.24162950e-04 9.51052472e-05 7.18581235e-05 5.33201670e-05 3.85028727e-05 2.65223572e-05 1.65850034e-05 7.96855385e-06 0.00000000e+00
 0.00000000e+00 9.42784706e-12 2.46332694e-11 5.34354150e-11 1.08268746e-10 2.09925667e-10 3.93328159e-10 7.16560450e-10 1.27496176e-09 2.22290667e-09 3.80707936e-09 6.41669068e-09 1.06583347e-08 1.74662012e-08 2.82623418e-08 4.51868353e-08 7.14242038e-08 1.11660469e-07 1.72714893e-07 2.64401668e-07 4.00689382e-07 6.01239437e-07 8.93417743e-07 1.31488567e-06 1.91688414e-06 2.76832646e-06 3.96080743e-06 5.61461475e-06 7.88578921e-06 1.09742184e-05 1.51326612e-05 2.06764840e-05 2.79937439e-05 3.75550842e-05 4.99227148e-05 6.57575524e-05 8.58234066e-05 1.10986941e-04 1.42212039e-04 1.80547195e-04 2.27104664e-04 2.83030360e-04 3.49463887e-04 4.27488721e-04 5.18073234e-04 6.22004175e-04 7.39815108e-04 8.71713237e-04 1.01750889e-03 1.17655253e-03 1.34768451e-03 1.52920270e-03 1.71885283e-03 1.91384507e-03 2.11089958e-03 2.30632150e-03 2.49610430e-03 2.67605825e-03 2.84195862e-03 2.98970678e-03 3.11549587e-03 3.21597171e-03 3.28837997e-03 3.33069046e-03 3.34169101e-03 3.32104501e-03 3.26930869e-03 3.18790705e-03 3.07906970e-03 2.94573056e-03 2.79139753e-03 2.62000019e-03 2.43572445e-03 2.24284406e-03 2.04555818e-03 1.84784357e-03 1.65332853e-03 1.46519371e-03 1.28610276e-03 1.11816373e-03 9.62919994e-04 8.21367688e-04 6.93995409e-04 5.80840987e-04 4.81559770e-04 3.95498971e-04 3.21773071e-04 2.59336016e-04 2.07046882e-04 1.63726661e-04 1.28204792e-04 9.93549284e-05 7.61201366e-05 5.75282772e-05 4.26986593e-05 3.08412700e-05 2.12499279e-05 1.32906687e-05 6.38655921e-06 0.00000000e+00
 0.00000000e+00 1.16941338e-11 2.88550962e-11 5.87367967e-11 1.12618278e-10 2.09031045e-10 3.78700503e-10 6.72236705e-10 1.17208242e-09 2.01091696e-09 3.39969548e-09 5.66987027e-09 9.33620861e-09 1.51891297e-08 2.44287860e-08 3.88573788e-08 6.11515824e-08 9.52435895e-08 1.46847243e-07 2.24174952e-07 3.38901354e-07 5.07440572e-07 7.52614518e-07 1.10579893e-06 1.60963989e-06 2.32143420e-06 3.31725960e-06 4.69692171e-06 6.58975099e-06 9.16123053e-06 1.26203621e-05 1.72275806e-05 2.33029072e-05 3.12338898e-05 4.14827244e-05 5.45917892e-05 7.11866738e-05 9.19756619e-05 1.17744556e-04 1.49345737e-04 1.87680449e-04 2.33673535e-04 2.88240184e-04 3.52244757e-04 4.26452373e-04 5.11474610e-04 6.07711485e-04 7.15292542e-04 8.34020598e-04 9.63322111e-04 1.10220839e-03 1.24925183e-03 1.40258077e-03 1.55989605e-03 1.71851091e-03 1.87541463e-03 2.02735879e-03 2.17096308e-03 2.30283644e-03 2.41970754e-03 2.51855780e-03 2.59674963e-03 2.65214230e-03 2.68318857e-03 2.68900596e-03 2.66941833e-03 2.62496485e-03 2.55687592e-03 2.46701733e-03 2.35780618e-03 2.23210368e-03 2.09309144e-03 1.94413865e-03 1.78866763e-03 1.63002550e-03 1.47136821e-03 1.31556264e-03 1.16511045e-03 1.02209582e-03 8.88157636e-04 7.64484792e-04 6.51832283e-04 5.50554433e-04 4.60651198e-04 3.81823124e-04 3.13530682e-04 2.55054076e-04 2.05550238e-04 1.64104455e-04 1.29774850e-04 1.01628693e-04 7.87702019e-05 6.03600047e-05 4.56269062e-05 3.38728161e-05 2.44718776e-05 1.68648587e-05 1.05498302e-05 5.07006723e-06 0.00000000e+00
 0.00000000e+00 1.21506932e-11 2.92384444e-11 5.77313099e-11 1.07536490e-10 1.94734985e-10 3.45746336e-10 6.03783447e-10 1.03884796e-09 1.76308633e-09 2.95413609e-09 4.89021773e-09 8.00226613e-09 1.29504578e-08 2.07352052e-08 3.28561881e-08 5.15374075e-08 8.00416759e-08 1.23104453e-07 1.87524450e-07 2.82956752e-07 4.22962973e-07 6.26381470e-07 9.19087843e-07 1.33622055e-06 1.92494638e-06 2.74783382e-06 3.88688579e-06 5.44825496e-06 7.56762066e-06 1.04161457e-05 1.42068506e-05 1.92011458e-05 2.57151442e-05 3.41252549e-05 4.48724251e-05 5.84642827e-05 7.54743351e-05 9.65373298e-05 1.22339894e-04 1.53605663e-04 1.91074308e-04 2.35474144e-04 2.87488453e-04 3.47716103e-04 4.16627657e-04 4.94518756e-04 5.81463142e-04 6.77268183e-04 7.81436149e-04 8.93134606e-04 1.01117921e-03 1.13403184e-03 1.25981618e-03 1.38635221e-03 1.51120955e-03 1.63177858e-03 1.74535686e-03 1.84924709e-03 1.94086177e-03 2.01782916e-03 2.07809434e-03 2.12000976e-03 2.14240945e-03 2.14466260e-03 2.12670294e-03 2.08903209e-03 2.03269668e-03 1.95924053e-03 1.87063501e-03 1.76919180e-03 1.65746340e-03 1.53813727e-03 1.41392973e-03 1.28748530e-03 1.16128661e-03 1.03757908e-03 9.18312937e-04 8.05104393e-04 6.99215854e-04 6.01554281e-04 5.12685540e-04 4.32861923e-04 3.62059553e-04 3.00022233e-04 2.46308390e-04 2.00338117e-04 1.61437785e-04 1.28880292e-04 1.01919598e-04 7.98188247e-05 6.18716550e-05 4.74172379e-05 3.58490887e-05 2.66186879e-05 1.92345863e-05 1.32578488e-05 8.29463287e-06 3.98662927e-06 0.00000000e+00
 0.00000000e+00 1.15448314e-11 2.73999298e-11 5.31633679e-11 9.73203558e-11 1.73524749e-10 3.04059612e-10 5.25183514e-10 8.95388530e-10 1.50806153e-09 2.51070124e-09 4.13376273e-09 6.73345515e-09 1.08544998e-08 1.73210644e-08 2.73669357e-08 4.28195754e-08 6.63571066e-08 1.01862530e-07 1.54905523e-07 2.33388887e-07 3.48403667e-07 5.15343753e-07 7.55336360e-07 1.09704815e-06 1.57892632e-06 2.25192793e-06 3.18277670e-06 4.45776287e-06 6.18706500e-06 8.50952291e-06 1.15977248e-05 1.56631925e-05 2.09613543e-05 2.77958967e-05 3.65219798e-05 4.75477138e-05 6.13332162e-05 7.83865384e-05 9.92557659e-05 1.24516678e-04 1.54755514e-04 1.90546651e-04 2.32425311e-04 2.80855839e-04 3.36196559e-04 3.98662659e-04 4.68289068e-04 5.44895633e-04 6.28057188e-04 7.17081204e-04 8.10995603e-04 9.08548973e-04 1.00822486e-03 1.10827104e-03 1.20674372e-03 1.30156562e-03 1.39059580e-03 1.47170814e-03 1.54287453e-03 1.60224842e-03 1.64824382e-03 1.67960529e-03 1.69546442e-03 1.69537958e-03 1.67935623e-03 1.64784658e-03 1.60172864e-03 1.54226595e-03 1.47105052e-03 1.38993255e-03 1.30094116e-03 1.20620088e-03 1.10784854e-03 1.00795514e-03 9.08456481e-04 8.11095670e-04 7.17379547e-04 6.28550060e-04 5.45570550e-04 4.69126023e-04 3.99635678e-04 3.37275438e-04 2.82007887e-04 2.33616945e-04 1.91744694e-04 1.55928064e-04 1.25633454e-04 1.00287834e-04 7.93053405e-05 6.21088107e-05 4.81461183e-05 3.69014706e-05 2.79020737e-05 2.07207166e-05 1.49749065e-05 1.03231997e-05 6.45934143e-06 3.10477393e-06 0.00000000e+00
 0.00000000e+00 1.03775294e-11 2.44204113e-11 4.68599481e-11 8.48136540e-11 1.49662077e-10 2.59886731e-10 4.45443666e-10 7.54505790e-10 1.26378387e-09 2.09417084e-09 3.43419686e-09 5.57479607e-09 8.96024228e-09 1.42618927e-08 2.24836702e-08 3.51110977e-08 5.43192312e-08 8.32590473e-08 1.26446681e-07 1.90285240e-07 2.83754452e-07 4.19308705e-07 6.14028340e-07 8.91071536e-07 1.28147340e-06 1.82633357e-06 2.57942202e-06 3.61021278e-06 5.00732597e-06 6.88231709e-06 9.37370012e-06 1.26510262e-05 1.69187658e-05 2.24196611e-05 2.94371376e-05 3.82962873e-05 4.93628880e-05 6.30398921e-05 7.97608443e-05 9.99797536e-05 1.24157084e-04 1.52741735e-04 1.86149139e-04 2.24735952e-04 2.68772165e-04 3.18411829e-04 3.73663991e-04 4.34365668e-04 5.00158947e-04 5.70474302e-04 6.44522155e-04 7.21294389e-04 7.99577053e-04 8.77974901e-04 9.54947590e-04 1.02885662e-03 1.09802121e-03 1.16078055e-03 1.21555939e-03 1.26093324e-03 1.29568957e-03 1.31888137e-03 1.32986974e-03 1.32835297e-03 1.31438014e-03 1.28834862e-03 1.25098543e-03 1.20331376e-03 1.14660679e-03 1.08233159e-03 1.01208658e-03 9.37536245e-04 8.60346643e-04 7.82125283e-04 7.04368203e-04 6.28416535e-04 5.55424054e-04 4.86336361e-04 4.21881601e-04 3.62571871e-04 3.08713942e-04 2.60427505e-04 2.17668908e-04 1.80258336e-04 1.47908450e-04 1.20252749e-04 9.68722070e-05 7.73191048e-05 6.11373166e-05 4.78786770e-05 3.71153294e-05 2.84482071e-05 2.15119692e-05 1.59768241e-05 1.15477286e-05 7.96145811e-06 4.98201806e-06 2.39482100e-06 0.00000000e+00
 0.00000000e+00 8.97399232e-12 2.09985143e-11 3.99936968e-11 7.18241497e-11 1.25822872e-10 2.17090057e-10 3.70029037e-10 6.23788978e-10 1.04058603e-09 1.71830292e-09 2.80936197e-09 4.54867699e-09 7.29457444e-09 1.15879969e-08 1.82371305e-08 2.84368951e-08 4.39355458e-08 6.72639780e-08 1.02047155e-07 1.53421286e-07 2.28584724e-07 3.37514650e-07 4.93884939e-07 7.16222312e-07 1.02933711e-06 1.46606044e-06 2.06930973e-06 2.89448874e-06 4.01220365e-06 5.51124433e-06 7.50173708e-06 1.01183242e-05 1.35231668e-05 1.79085038e-05 2.34984386e-05 3.05495687e-05 3.93500330e-05 5.02165372e-05 6.34889354e-05 7.95220080e-05 9.86741892e-05 1.21293160e-04 1.47698444e-04 1.78161395e-04 2.12883271e-04 2.51972355e-04 2.95421402e-04 3.43086865e-04 3.94671536e-04 4.49712250e-04 5.07574193e-04 5.67453120e-04 6.28386407e-04 6.89273332e-04 7.48904414e-04 8.05998956e-04 8.59249324e-04 9.07369917e-04 9.49148297e-04 9.83495689e-04 1.00949392e-03 1.02643601e-03 1.03385794e-03 1.03155959e-03 1.01961365e-03 9.98361800e-04 9.68398615e-04 9.30544099e-04 8.85806663e-04 8.35338832e-04 7.80388357e-04 7.22247604e-04 6.62204012e-04 6.01494238e-04 5.41264148e-04 4.82536336e-04 4.26186200e-04 3.72927014e-04 3.23303826e-04 2.77695459e-04 2.36323533e-04 1.99267075e-04 1.66481169e-04 1.37818074e-04 1.13049302e-04 9.18873536e-05 7.40060364e-05 5.90585590e-05 4.66928749e-05 3.65640037e-05 2.83432792e-05 2.17246526e-05 1.64283066e-05 1.22019165e-05 8.81993244e-06 6.08126063e-06 3.80570002e-06 1.82945455e-06 0.00000000e+00
 0.00000000e+00 7.53620910e-12 1.75650653e-11 3.32792115e-11 5.94351744e-11 1.03575624e-10 1.77869745e-10 3.01939803e-10 5.07206730e-10 8.43527327e-10 1.38923560e-09 2.26617247e-09 3.66193070e-09 5.86240062e-09 9.29882839e-09 1.46150435e-08 2.27623252e-08 3.51315933e-08 5.37352360e-08 8.14538922e-08 1.22366792e-07 1.82187636e-07 2.68831148e-07 3.93137949e-07 5.69786606e-07 8.18420892e-07 1.16501644e-06 1.64350304e-06 2.29764583e-06 3.18316920e-06 4.37008102e-06 5.94512120e-06 8.01421810e-06 1.07047901e-05 1.41676806e-05 1.85784668e-05 2.41378391e-05 3.10707213e-05 3.96237878e-05 5.00610569e-05 6.26572861e-05 7.76889913e-05 9.54230419e-05 1.16102956e-04 1.39933226e-04 1.67062236e-04 1.97564543e-04 2.31423532e-04 2.68515600e-04 3.08597124e-04 3.51295511e-04 3.96105481e-04 4.42391593e-04 4.89397655e-04 5.36263290e-04 5.82047453e-04 6.25758166e-04 6.66387282e-04 7.02948622e-04 7.34517507e-04 7.60269480e-04 7.79515971e-04 7.91734769e-04 7.96593440e-04 7.93964224e-04 7.83929526e-04 7.66777654e-04 7.42989122e-04 7.13214420e-04 6.78244652e-04 6.38976890e-04 5.96376321e-04 5.51437383e-04 5.05146041e-04 4.58445141e-04 4.12204457e-04 3.67196629e-04 3.24079732e-04 2.83386716e-04 2.45521548e-04 2.10761443e-04 1.79264322e-04 1.51080397e-04 1.26166689e-04 1.04403286e-04 8.56102143e-05 6.95639545e-05 5.60127976e-05 4.46904645e-05 3.53276042e-05 2.76609839e-05 2.14403490e-05 1.64330598e-05 1.24267069e-05 9.22996344e-06 6.67195852e-06 4.60045866e-06 2.87912367e-06 1.38407726e-06 0.00000000e+00
 0.00000000e+00 6.18156917e-12 1.43672167e-11 2.71174574e-11 4.82351376e-11 8.37343207e-11 1.43297061e-10 2.42508214e-10 4.06287997e-10 6.74130557e-10 1.10802394e-09 1.80429734e-09 2.91114607e-09 4.65425810e-09 7.37384889e-09 1.15775424e-08 1.80149543e-08 2.77815623e-08 4.24614972e-08 6.43212236e-08 9.65686220e-08 1.43694586e-07 2.11916662e-07 3.09746121e-07 4.48700714e-07 6.44184531e-07 9.16553226e-07 1.29237646e-06 1.80589895e-06 2.50068617e-06 3.43142007e-06 4.66578361e-06 6.28634152e-06 8.39228855e-06 1.11008988e-05 1.45484728e-05 1.88905465e-05 2.43011069e-05 3.09705504e-05 3.91021391e-05 4.89067510e-05 6.05957956e-05 7.43722711e-05 9.04200737e-05 1.08891835e-04 1.29895729e-04 1.53481878e-04 1.79629136e-04 2.08233147e-04 2.39096677e-04 2.71923167e-04 3.06314421e-04 3.41773157e-04 3.77710880e-04 4.13461254e-04 4.48298752e-04 4.81461982e-04 5.12180720e-04 5.39705341e-04 5.63337091e-04 5.82457511e-04 5.96555276e-04 6.05248846e-04 6.08303526e-04 6.05641895e-04 5.97346965e-04 5.83657899e-04 5.64958597e-04 5.41759898e-04 5.14676544e-04 4.84400342e-04 4.51671116e-04 4.17247157e-04 3.81876750e-04 3.46272253e-04 3.11087876e-04 2.76902049e-04 2.44204858e-04 2.13390699e-04 1.84755958e-04 1.58501234e-04 1.34737416e-04 1.13494772e-04 9.47341452e-05 7.83593575e-05 6.42299922e-05 5.21738257e-05 4.19983353e-05 3.35008553e-05 2.64771148e-05 2.07280276e-05 1.60647315e-05 1.23119633e-05 9.30992832e-06 6.91486052e-06 4.99848877e-06 3.44662264e-06 2.15705740e-06 1.03697582e-06 0.00000000e+00
 0.00000000e+00 4.97082462e-12 1.15293886e-11 2.17004669e-11 3.84840861e-11 6.66148682e-11 1.13702473e-10 1.91979539e-10 3.20984434e-10 5.31652938e-10 8.72500881e-10 1.41886801e-09 2.28658550e-09 3.65195299e-09 5.78059605e-09 9.06865265e-09 1.41008353e-08 2.17312534e-08 3.31944616e-08 5.02559974e-08 7.54136253e-08 1.12162487e-07 1.65339188e-07 2.41561223e-07 3.49778736e-07 5.01954844e-07 7.13888197e-07 1.00618628e-06 1.40538973e-06 1.94523589e-06 2.66803355e-06 3.62610040e-06 4.88319003e-06 6.51580796e-06 8.61428685e-06 1.12834633e-05 1.46427752e-05 1.88255815e-05 2.39775072e-05 3.02536252e-05 3.78143268e-05 4.68197879e-05 5.74230238e-05 6.97616280e-05 8.39484193e-05 1.00061350e-04 1.18133166e-04 1.38141426e-04 1.59999581e-04 1.83549859e-04 2.08558694e-04 2.34715376e-04 2.61634451e-04 2.88862213e-04 3.15887361e-04 3.42155647e-04 3.67087991e-04 3.90101303e-04 4.10630987e-04 4.28153908e-04 4.42210540e-04 4.52424967e-04 4.58521550e-04 4.60337211e-04 4.57828601e-04 4.51073711e-04 4.40267853e-04 4.25714302e-04 4.07810221e-04 3.87028768e-04 3.63898500e-04 3.38981307e-04 3.12850138e-04 2.86067726e-04 2.59167364e-04 2.32636599e-04 2.06904432e-04 1.82332383e-04 1.59209458e-04 1.37750869e-04 1.18100097e-04 1.00333777e-04 8.44687534e-05 7.04706366e-05 5.82631791e-05 4.77378704e-05 3.87632137e-05 3.11932689e-05 2.48751574e-05 1.96553421e-05 1.53845965e-05 1.19216684e-05 9.13571121e-06 6.90760291e-06 5.13030193e-06 3.70840138e-06 2.55703953e-06 1.60031419e-06 7.69331337e-07 0.00000000e+00
 0.00000000e+00 3.92801476e-12 9.09670853e-12 1.70860064e-11 3.02325688e-11 5.22182474e-11 8.89531099e-11 1.49927878e-10 2.50288437e-10 4.13998268e-10 6.78614838e-10 1.10242804e-09 1.77501068e-09 2.83263364e-09 4.48052521e-09 7.02462789e-09 1.09163487e-08 1.68148241e-08 2.56724288e-08 3.88506314e-08 5.82747824e-08 8.66379221e-08 1.27665064e-07 1.86450428e-07 2.69880466e-07 3.87154893e-07 5.50415825e-07 7.75491108e-07 1.08275141e-06 1.49807136e-06 2.05387230e-06 2.79020866e-06 3.75584088e-06 5.00921692e-06 6.61926234e-06 8.66585790e-06 1.12398662e-05 1.44425575e-05 1.83842849e-05 2.31822685e-05 2.89573814e-05 3.58298698e-05 4.39140110e-05 5.33117908e-05 6.41057775e-05 7.63514739e-05 9.00695248e-05 1.05238252e-04 1.21787048e-04 1.39591199e-04 1.58468690e-04 1.78179493e-04 1.98427725e-04 2.18866912e-04 2.39108397e-04 2.58732714e-04 2.77303525e-04 2.94383506e-04 3.09551385e-04 3.22419208e-04 3.32648848e-04 3.39966768e-04 3.44176150e-04 3.45165641e-04 3.42914169e-04 3.37491576e-04 3.29055012e-04 3.17841392e-04 3.04156382e-04 2.88360650e-04 2.70854214e-04 2.52059839e-04 2.32406410e-04 2.12313183e-04 1.92175675e-04 1.72353808e-04 1.53162731e-04 1.34866533e-04 1.17674869e-04 1.01742348e-04 8.71703619e-05 7.40109579e-05 6.22722618e-05 5.19249487e-05 4.29092703e-05 3.51421881e-05 2.85242321e-05 2.29457835e-05 1.82925690e-05 1.44502347e-05 1.13079475e-05 8.76103151e-06 6.71269989e-06 5.07497293e-06 3.76889467e-06 2.72416717e-06 1.87831911e-06 1.17551641e-06 5.65109753e-07 0.00000000e+00
 0.00000000e+00 3.05440374e-12 7.06539737e-12 1.32498093e-11 2.34047902e-11 4.03586444e-11 6.86468848e-11 1.15547103e-10 1.92665630e-10 3.18355320e-10 5.21365965e-10 8.46298122e-10 1.36166118e-09 2.17164315e-09 3.43310054e-09 5.37978905e-09 8.35649588e-09 1.28665119e-08 1.96367974e-08 2.97062312e-08 4.45434514e-08 6.62019204e-08 9.75208623e-08 1.42381461e-07 2.06027947e-07 2.95462655e-07 4.19922471e-07 5.91440941e-07 8.25495296e-07 1.14173044e-06 1.56474238e-06 2.12489137e-06 2.85910103e-06 3.81158343e-06 5.03441395e-06 6.58786379e-06 8.54038544e-06 1.09681384e-05 1.39539427e-05 1.75855577e-05 2.19532059e-05 2.71462983e-05 3.32493665e-05 4.03372708e-05 4.84698248e-05 5.76860537e-05 6.79983789e-05 7.93870869e-05 9.17954866e-05 1.05126182e-04 1.19238873e-04 1.33950053e-04 1.49034877e-04 1.64231375e-04 1.79246994e-04 1.93767348e-04 2.07466828e-04 2.20020596e-04 2.31117367e-04 2.40472256e-04 2.47838965e-04 2.53020566e-04 2.55878236e-04 2.56337397e-04 2.54390886e-04 2.50098983e-04 2.43586311e-04 2.35035830e-04 2.24680333e-04 2.12791981e-04 1.99670542e-04 1.85631010e-04 1.70991325e-04 1.56060829e-04 1.41130009e-04 1.26461978e-04 1.12285958e-04 9.87929222e-05 8.61333786e-05 7.44171703e-05 6.37150427e-05 5.40616691e-05 4.54597738e-05 3.78849799e-05 3.12910215e-05 2.56149979e-05 2.07823951e-05 1.67116616e-05 1.33181910e-05 1.05176208e-05 8.22841505e-06 6.37374223e-06 4.88269426e-06 3.69091653e-06 2.74073187e-06 1.98084592e-06 1.36571892e-06 8.54681860e-07 4.10865485e-07 0.00000000e+00
 0.00000000e+00 2.33801375e-12 5.40354278e-12 1.01212524e-11 1.78553434e-11 3.07507556e-11 5.22445634e-11 8.78484596e-11 1.46348028e-10 2.41629648e-10 3.95438002e-10 6.41494777e-10 1.03158244e-09 1.64442801e-09 2.59852321e-09 4.07040310e-09 6.32038558e-09 9.72835802e-09 1.48428825e-08 2.24476664e-08 3.36502770e-08 4.99988148e-08 7.36330035e-08 1.07476691e-07 1.55478904e-07 2.22910137e-07 3.16719282e-07 4.45954146e-07 6.22244703e-07 8.60342724e-07 1.17870418e-06 1.60009166e-06 2.15216342e-06 2.86800360e-06 3.78653611e-06 4.95275288e-06 6.41767812e-06 8.23798467e-06 1.04751793e-05 1.31942815e-05 1.64619392e-05 2.03439503e-05 2.49021993e-05 3.01910648e-05 3.62534067e-05 4.31163013e-05 5.07867456e-05 5.92476023e-05 6.84540866e-05 7.83311135e-05 8.87718094e-05 9.96374551e-05 1.10759059e-04 1.21940668e-04 1.32964406e-04 1.43597120e-04 1.53598366e-04 1.62729377e-04 1.70762540e-04 1.77490859e-04 1.82736855e-04 1.86360356e-04 1.88264716e-04 1.88401060e-04 1.86770324e-04 1.83422947e-04 1.78456284e-04 1.72009899e-04 1.64259082e-04 1.55406973e-04 1.45675819e-04 1.35297849e-04 1.24506291e-04 1.13527007e-04 1.02571120e-04 9.18289533e-05 8.14654661e-05 7.16172719e-05 6.23912221e-05 5.38644408e-05 4.60856263e-05 3.90773832e-05 3.28393208e-05 2.73516445e-05 2.25789827e-05 1.84742152e-05 1.49821121e-05 1.20426318e-05 9.59377744e-06 7.57395044e-06 5.92378314e-06 4.58746070e-06 3.51356901e-06 2.65552044e-06 1.97161830e-06 1.42482371e-06 9.82286018e-07 6.14692817e-07 2.95488130e-07 0.00000000e+00
 0.00000000e+00 1.75995858e-12 4.06487922e-12 7.60696668e-12 1.34066382e-11 2.30671637e-11 3.91561717e-11 6.57891982e-11 1.09523816e-10 1.80721367e-10 2.95601894e-10 4.79312776e-10 7.70460480e-10 1.22772650e-09 1.93941262e-09 3.03704667e-09 4.71453661e-09 7.25479269e-09 1.10662448e-08 1.67322539e-08 2.50770294e-08 3.72522756e-08 5.48493320e-08 8.00419533e-08 1.15764959e-07 1.65933626e-07 2.35707691e-07 3.31801992e-07 4.62842902e-07 6.39765575e-07 8.76241615e-07 1.18911998e-06 1.59885600e-06 2.12989455e-06 2.81096447e-06 3.67523288e-06 4.76026136e-06 6.10770234e-06 7.76267487e-06 9.77276533e-06 1.21866125e-05 1.50520569e-05 1.84138635e-05 2.23110618e-05 2.67739882e-05 3.18211559e-05 3.74561208e-05 4.36645437e-05 5.04116726e-05 5.76404784e-05 6.52706670e-05 7.31987562e-05 8.12993610e-05 8.94277536e-05 9.74236866e-05 1.05116371e-04 1.12330416e-04 1.18892439e-04 1.24638016e-04 1.29418561e-04 1.33107745e-04 1.35607058e-04 1.36850177e-04 1.36805859e-04 1.35479207e-04 1.32911220e-04 1.29176686e-04 1.24380565e-04 1.18653105e-04 1.12144010e-04 1.05016007e-04 9.74382104e-05 8.95796387e-05 8.16032155e-05 7.36605407e-05 6.58876335e-05 5.84017757e-05 5.12995068e-05 4.46557429e-05 3.85239313e-05 3.29371007e-05 2.79096298e-05 2.34395451e-05 1.95111475e-05 1.60977881e-05 1.31646243e-05 1.06712248e-05 8.57391902e-06 6.82782067e-06 5.38848735e-06 4.21320463e-06 3.26190516e-06 2.49775057e-06 1.88741431e-06 1.40110982e-06 1.01240943e-06 6.97897927e-07 4.36700218e-07 2.09917384e-07 0.00000000e+00
 0.00000000e+00 1.29848382e-12 2.99754942e-12 5.60577002e-12 9.87240675e-12 1.69740645e-11 2.87942610e-11 4.83509490e-11 8.04514398e-11 1.32689650e-10 2.16950738e-10 3.51657608e-10 5.65087956e-10 9.00215982e-10 1.42169647e-09 2.22581773e-09 3.45450986e-09 5.31480959e-09 8.10555173e-09 1.22534728e-08 1.83613557e-08 2.72712860e-08 4.01464769e-08 5.85753869e-08 8.47019044e-08 1.21385087e-07 1.72391196e-07 2.42619394e-07 3.38360333e-07 4.67583850e-07 6.40247976e-07 8.68616509e-07 1.16756661e-06 1.55486150e-06 2.05135672e-06 2.68110266e-06 3.47130092e-06 4.45207013e-06 5.65597723e-06 7.11729564e-06 8.87096166e-06 1.09512164e-05 1.33899412e-05 1.62147214e-05 1.94467008e-05 2.30983224e-05 2.71710771e-05 3.16534082e-05 3.65189352e-05 4.17251644e-05 4.72128457e-05 5.29061115e-05 5.87134924e-05 6.45298573e-05 7.02392573e-05 7.57185923e-05 8.08419490e-05 8.54854004e-05 8.95320129e-05 9.28767733e-05 9.54311458e-05 9.71269795e-05 9.79195262e-05 9.77893818e-05 9.67432377e-05 9.48134039e-05 9.20561482e-05 8.85489712e-05 8.43869996e-05 7.96787309e-05 7.45413920e-05 6.90961835e-05 6.34636710e-05 5.77595575e-05 5.20910278e-05 4.65538059e-05 4.12300073e-05 3.61868144e-05 3.14759482e-05 2.71338667e-05 2.31825861e-05 1.96309971e-05 1.64765375e-05 1.37070842e-05 1.13029330e-05 9.23875274e-06 7.48542239e-06 6.01167812e-06 4.78552608e-06 3.77539476e-06 2.95102121e-06 2.28408029e-06 1.74857768e-06 1.32103423e-06 9.80493342e-07 7.08383687e-07 4.88267735e-07 3.05503908e-07 1.46846037e-07 0.00000000e+00
 0.00000000e+00 9.31386823e-13 2.14931580e-12 4.01744978e-12 7.07131940e-12 1.21515672e-11 2.06034753e-11 3.45820314e-11 5.75191907e-11 9.48352728e-11 1.55012171e-10 2.51195503e-10 4.03559930e-10 6.42761176e-10 1.01491473e-09 1.58868967e-09 2.46529092e-09 3.79232666e-09 5.78281934e-09 8.74091289e-09 1.30961421e-08 1.94484405e-08 2.86263338e-08 4.17609489e-08 6.03784944e-08 8.65136545e-08 1.22845790e-07 1.72858849e-07 2.41024352e-07 3.33004643e-07 4.55870749e-07 6.18325649e-07 8.30919618e-07 1.10623980e-06 1.45905157e-06 1.90636499e-06 2.46739648e-06 3.16339420e-06 4.01729625e-06 5.05319495e-06 6.29558754e-06 7.76840514e-06 9.49382711e-06 1.14909063e-05 1.37740516e-05 1.63514358e-05 1.92234174e-05 2.23810810e-05 2.58050120e-05 2.94644251e-05 3.33167568e-05 3.73078160e-05 4.13725578e-05 4.54365077e-05 4.94178210e-05 5.32299110e-05 5.67845385e-05 5.99952086e-05 6.27806922e-05 6.50684700e-05 6.67978927e-05 6.79228634e-05 6.84138767e-05 6.82592891e-05 6.74657451e-05 6.60577432e-05 6.40763757e-05 6.15773366e-05 5.86283293e-05 5.53060432e-05 5.16928834e-05 4.78736460e-05 4.39323190e-05 3.99491694e-05 3.59982462e-05 3.21453916e-05 2.84468118e-05 2.49482227e-05 2.16845464e-05 1.86801062e-05 1.59492448e-05 1.34972758e-05 1.13216715e-05 9.41339132e-06 7.75826117e-06 6.33832746e-06 5.13312217e-06 4.12079271e-06 3.27906592e-06 2.58603074e-06 2.02073650e-06 1.56361442e-06 1.19673718e-06 9.03936249e-07 6.70798909e-07 4.84567322e-07 3.33960633e-07 2.08938980e-07 1.00425540e-07 0.00000000e+00
 0.00000000e+00 6.37310584e-13 1.47030202e-12 2.74725931e-12 4.83369095e-12 8.30318934e-12 1.40734701e-11 2.36143425e-11 3.92662170e-11 6.47249807e-11 1.05773407e-10 1.71372946e-10 2.75275411e-10 4.38374874e-10 6.92099282e-10 1.08324230e-09 1.68076147e-09 2.58522057e-09 3.94173162e-09 5.95745116e-09 8.92489753e-09 1.32525648e-08 1.95044909e-08 2.84505574e-08 4.11293109e-08 5.89249447e-08 8.36596981e-08 1.17702245e-07 1.64091590e-07 2.26674503e-07 3.10252571e-07 4.20732535e-07 5.65270769e-07 7.52399704e-07 9.92120875e-07 1.29594646e-06 1.67686900e-06 2.14923803e-06 2.72852286e-06 3.43094358e-06 4.27295743e-06 5.27059555e-06 6.43865565e-06 7.78976849e-06 9.33337079e-06 1.10746312e-05 1.30133900e-05 1.51431841e-05 1.74504364e-05 1.99138887e-05 2.25043536e-05 2.51848471e-05 2.79111441e-05 3.06327730e-05 3.32944365e-05 3.58378118e-05 3.82036532e-05 4.03340920e-05 4.21750088e-05 4.36783404e-05 4.48041815e-05 4.55225534e-05 4.58147283e-05 4.56740291e-05 4.51060577e-05 4.41283438e-05 4.27694438e-05 4.10675549e-05 3.90687371e-05 3.68248593e-05 3.43913937e-05 3.18251889e-05 2.91823397e-05 2.65162611e-05 2.38760495e-05 2.13051897e-05 1.88406404e-05 1.65123032e-05 1.43428571e-05 1.23479221e-05 1.05364990e-05 8.91162474e-06 7.47117886e-06 6.20877650e-06 5.11469022e-06 4.17674953e-06 3.38117772e-06 2.71333597e-06 2.15835571e-06 1.70164958e-06 1.32930006e-06 1.02833119e-06 7.86873726e-07 5.94237075e-07 4.40902585e-07 3.18453080e-07 2.19452441e-07 1.37287622e-07 6.59836047e-08 0.00000000e+00
 0.00000000e+00 3.96270422e-13 9.14049830e-13 1.70748638e-12 3.00345849e-12 5.15794035e-12 8.74038623e-12 1.46627223e-11 2.43768848e-11 4.01755187e-11 6.56455393e-11 1.06345127e-10 1.70803031e-10 2.71976718e-10 4.29354948e-10 6.71952909e-10 1.04252573e-09 1.60342014e-09 2.44459365e-09 3.69445385e-09 5.53430088e-09 8.21728493e-09 1.20929016e-08 1.76381209e-08 2.54962502e-08 3.65245362e-08 5.18512678e-08 7.29427180e-08 1.01679600e-07 1.40441789e-07 1.92198853e-07 2.60602429e-07 3.50074753e-07 4.65885758e-07 6.14209228e-07 8.02146788e-07 1.03770717e-06 1.32972761e-06 1.68772474e-06 2.12166387e-06 2.64163902e-06 3.25746089e-06 3.97815644e-06 4.81139157e-06 5.76283741e-06 6.83550941e-06 8.02911702e-06 9.33946845e-06 1.07579792e-05 1.22713333e-05 1.38613436e-05 1.55050482e-05 1.71750681e-05 1.88402359e-05 2.04664849e-05 2.20179702e-05 2.34583706e-05 2.47523090e-05 2.58668095e-05 2.67727093e-05 2.74459375e-05 2.78685837e-05 2.80296880e-05 2.79257059e-05 2.75606201e-05 2.69456968e-05 2.60989065e-05 2.50440509e-05 2.38096559e-05 2.24277000e-05 2.09322584e-05 1.93581397e-05 1.77395894e-05 1.61091233e-05 1.44965408e-05 1.29281529e-05 1.14262433e-05 1.00087628e-05 8.68924650e-06 7.47692991e-06 6.37702990e-06 5.39115463e-06 4.51780185e-06 3.75290712e-06 3.09040659e-06 2.52278396e-06 2.04157737e-06 1.63782874e-06 1.30246417e-06 1.02660039e-06 8.01776625e-07 6.20115893e-07 4.74421856e-07 3.58219654e-07 2.65749568e-07 1.91922532e-07 1.32245849e-07 8.27265539e-08 3.97587379e-08 0.00000000e+00
 0.00000000e+00 1.89671190e-13 4.37456683e-13 8.17074165e-13 1.43700967e-12 2.46746072e-12 4.18067045e-12 7.01258042e-12 1.16572420e-11 1.92105273e-11 3.13868883e-11 5.08428845e-11 8.16547185e-11 1.30015006e-10 2.05237434e-10 3.21187816e-10 4.98297144e-10 7.66357047e-10 1.16835039e-09 1.76562841e-09 2.64480789e-09 3.92682333e-09 5.77862127e-09 8.42801861e-09 1.21822481e-08 1.74506673e-08 2.47719913e-08 3.48462039e-08 4.85709856e-08 6.70820540e-08 9.17962322e-08 1.24455343e-07 1.67168201e-07 2.22447069e-07 2.93234032e-07 3.82911930e-07 4.95293856e-07 6.34584979e-07 8.05310639e-07 1.01220553e-06 1.26006036e-06 1.55352465e-06 1.89686768e-06 2.29370301e-06 2.74668661e-06 3.25720245e-06 3.82505397e-06 4.44818231e-06 5.12243485e-06 5.84140732e-06 6.59638109e-06 7.37637357e-06 8.16831333e-06 8.95734399e-06 9.72725176e-06 1.04610023e-05 1.11413630e-05 1.17515793e-05 1.22760677e-05 1.27010840e-05 1.30153280e-05 1.32104446e-05 1.32813932e-05 1.32266593e-05 1.30482999e-05 1.27518185e-05 1.23458824e-05 1.18419017e-05 1.12534981e-05 1.05958984e-05 9.88529001e-06 9.13817477e-06 8.37075648e-06 7.59839183e-06 6.83512792e-06 6.09334227e-06 5.38349339e-06 4.71398231e-06 4.09111890e-06 3.51918137e-06 3.00055346e-06 2.53592111e-06 2.12451021e-06 1.76434685e-06 1.45252359e-06 1.18545766e-06 9.59129507e-07 7.69293958e-07 6.11658497e-07 4.82026537e-07 3.76405573e-07 2.91082037e-07 2.22665958e-07 1.68109332e-07 1.24702446e-07 9.00523780e-08 6.20476135e-08 3.88122669e-08 1.86528488e-08 0.00000000e+00
 0.00000000e+00 0.00000000e+00 0.00000000e+00 0.00000000e+00 0.00000000e+00 0.00000000e+00 0.00000000e+00 0.00000000e+00 0.00000000e+00 0.00000000e+00 0.00000000e+00 0.00000000e+00 0.00000000e+00 0.00000000e+00 0.00000000e+00 0.00000000e+00 0.00000000e+00 0.00000000e+00 0.00000000e+00 0.00000000e+00 0.00000000e+00 0.00000000e+00 0.00000000e+00 0.00000000e+00 0.00000000e+00 0.00000000e+00 0.00000000e+00 0.00000000e+00 0.00000000e+00 0.00000000e+00 0.00000000e+00 0.00000000e+00 0.00000000e+00 0.00000000e+00 0.00000000e+00 0.00000000e+00 0.00000000e+00 0.00000000e+00 0.00000000e+00 0.00000000e+00 0.00000000e+00 0.00000000e+00 0.00000000e+00 0.00000000e+00 0.00000000e+00 0.00000000e+00 0.00000000e+00 0.00000000e+00 0.00000000e+00 0.00000000e+00 0.00000000e+00 0.00000000e+00 0.00000000e+00 0.00000000e+00 0.00000000e+00 0.00000000e+00 0.00000000e+00 0.00000000e+00 0.00000000e+00 0.00000000e+00 0.00000000e+00 0.00000000e+00 0.00000000e+00 0.00000000e+00 0.00000000e+00 0.00000000e+00 0.00000000e+00 0.00000000e+00 0.00000000e+00 0.00000000e+00 0.00000000e+00 0.00000000e+00 0.00000000e+00 0.00000000e+00 0.00000000e+00 0.00000000e+00 0.00000000e+00 0.00000000e+00 0.00000000e+00 0.00000000e+00 0.00000000e+00 0.00000000e+00 0.00000000e+00 0.00000000e+00 0.00000000e+00 0.00000000e+00 0.00000000e+00 0.00000000e+00 0.00000000e+00 0.00000000e+00 0.00000000e+00 0.00000000e+00 0.00000000e+00 0.00000000e+00 0.00000000e+00 0.00000000e+00 0.00000000e+00 0.00000000e+00 0.00000000e+00 0.00000000e+00
